5,6,8,10,12,15,20,25,30,35,40,45,50,55,60,65,70,75
40,45,50,55,60,65,70,75,80,90,100,110,120,130,140,150
40,45,50,55,60,65,70,75,80,90,100,110,120,130,140,150,180,200,220,250,275,300
40,45,50,55,60,65,70,75,80,90,100,110,120,130,140,150,180,200,220,250,300
40,45,50,55,60,65,70,75,80,90,100,110,120,130,140,150,180,200,220,250,275,300,350,400
40,45,50,55,60,65,70,75,80,90,100,110,120,130,140,150,180,200,220,250,275,300,325,350,375,400,425
40,45,50,55,60,65,70,75,80,90,100,110,120,130,140,150,180,200,220,250,275,300,325,350,375,400,425
40,45,50,55,60,65,70,75,80,90,100,110,120,130,140,150,180,200,220,250,275,300,325,350,375,400,425,450,475,500
40,45,50,55,60,65,70,75,80,90,100,110,120,130,150,180,200,220,250,275,300,325,350,375,400,425,450,475,500,525,550,575,600,625,650
50,55,60,65,70,75,80,90,100,110,130,150,180,200,220,250,275,300,325,350,375,400,425,450,475,500,525,550,575,600,625,650
50,55,60,65,70,75,80,90,100,110,150,180,200,220,250,275,300,325,350,375,400,425,450,475,500,525,550,575,600,625,650
50,55,60,65,70,75,80,90,100,110,130,150,180,200,220,250,275,300,325,350,375,400,425,450,475,500,525,550,575,600,625,650
60,65,70,75,80,90,100,110,130,150,180,200,220,250,275,300,325,350,375,400,425,450,475,500,525,550,575,600,625,650
70,75,80,90,100,110,130,150,180,200,220,250,275,300,325,350,375,400,425,450,475,500,525,550,575,600,625,650
150,180,200,220,250,275,300,325,350,375,400,425,450,475,500,525,550,575,600,625,650
100,130,150,180,200,220,250,275,300,325,350,375,400,425,450,475,500,525,550,575,600,625,650
100,180,200,220,250,275,300,325,350,375,400,425,450,475,500,525,550,575,600,625,650
180,200,220,250,275,300,325,350,375,400,425,450,475,500,525,550,575,600,625,650
100,130,180,200,220,250,275,300,325,350,375,400,425,450,475,500,525,550,575,600,625,650
