SHAPE:103 [0];0;0
ANGLES:
LENGTHS:0;200;
SHAPE:102 [0];0;0
ANGLES:
LENGTHS:0;1000;
SHAPE:102 [1];0;0
ANGLES:
LENGTHS:0;1000;
SHAPE:101 [0];0;0
ANGLES:
LENGTHS:0;1000;
SHAPE:101 [1];0;0
ANGLES:
LENGTHS:0;1000;
SHAPE:104 [0];0;0
ANGLES:
LENGTHS:0;1000;
SHAPE:104 [1];0;0
ANGLES:
LENGTHS:0;1000;
SHAPE:1 [0];0;0
ANGLES:
LENGTHS:0;1000;
SHAPE:106 [0];1;0
ANGLES:;;
LENGTHS:0;1410.45;;;
SHAPE:107 [0];1;0
ANGLES:;;
LENGTHS:0;1410.45;;;
SHAPE:2 [0];1;0
ANGLES:;;
LENGTHS:0;7132.05;;;
SHAPE:107 [1];1;0
ANGLES:;;
LENGTHS:0;1410.45;0;410.45;
SHAPE:26 [0];1;0
ANGLES:;;
LENGTHS:0;1320.45;0;1130.4499;
SHAPE:3 [0];1;0
ANGLES:0;60.0;
LENGTHS:0;1408.1199;0;183.760198783659;
SHAPE:41 [0];0;0
ANGLES:;;;;
LENGTHS:0;533.85;0;143.65;0;433.85;
SHAPE:4 [0];1;0
ANGLES:;;;;
LENGTHS:0;296.35;0;1500;0;206.35;
SHAPE:277 [0];0;0
ANGLES:0;92.7;;;
LENGTHS:0;1774.875;0;133.706614849752;0;1772.09237049976;
SHAPE:9 [0];0;0
ANGLES:0;21.8;0;21.8;
LENGTHS:0;538.5165;0;499.999943628977;0;538.516489655173;
SHAPE:229 [0];0;0
ANGLES:0;155.4;0;24.6;
LENGTHS:0;1619.7112;0;377.13361651025;0;1148.9597;
SHAPE:51 [0];1;0
ANGLES:;;;;
LENGTHS:0;113.65;0;500;0;113.65;
SHAPE:270 [0];0;0
ANGLES:0;91.5;0;91.5;
LENGTHS:0;1706.1682;0;140.215977759776;0;1706.15497577008;
SHAPE:8 [0];1;0
ANGLES:0;17.1;0;17.1;
LENGTHS:0;449.999981355122;0;852.2605;0;235.231380184979;
SHAPE:5 [0];1;0
ANGLES:;;0;51.3;
LENGTHS:0;206.35;0;1100;0;640.312423743285;
SHAPE:6 [0];1;0
ANGLES:;;;;
LENGTHS:0;206.35;0;1500;0;206.35;
SHAPE:7 [0];1;0
ANGLES:;;0;29.1;
LENGTHS:0;250;0;1050;0;514.78150704935;
SHAPE:43 [0];1;0
ANGLES:;;;;0;60.0;
LENGTHS:;;0;600;;;;;
SHAPE:57 [0];1;0
ANGLES:;;;;;;
LENGTHS:0;113.65;0;407.3;0;147.3;0;113.65;
SHAPE:62 [0];1;0
ANGLES:;;;;;;
LENGTHS:;;0;307.3;0;47.8711;;;
SHAPE:52 [0];1;0
ANGLES:;;;;0;45.0;
LENGTHS:0;105.235;0;1090.47;;;0;90.7280225659086;
SHAPE:14 [0];1;0
ANGLES:;;0;9.5;0;9.5;
LENGTHS:0;155.235;0;4294.8395;0;299.208969313439;0;489.604499999999;
SHAPE:84 [0];1;0
ANGLES:0;90.0;0;9.5;0;9.5;
LENGTHS:0;155.235;0;4294.8393;0;299.208666851363;0;489.604400000001;
SHAPE:11 [0];0;0
ANGLES:;;;;;;
LENGTHS:0;1100;0;250;0;400;0;206.35;
SHAPE:17 [0];2;0
ANGLES:0;36.9;0;36.9;0;36.9;0;36.9;
LENGTHS:0;340;0;250;0;510;0;250;0;250;
SHAPE:1009 [0];1;0
ANGLES:;;;;;;;;
LENGTHS:0;105.235;0;1770.47;0;90.47;0;1770.47;0;105.235;
SHAPE:64 [0];2;0
ANGLES:;;;;;;;;
LENGTHS:;;0;207.3;0;307.3;;;;;
SHAPE:68 [0];2;0
ANGLES:;;;;;;;;
LENGTHS:0;133.85;0;260;0;546.35;0;393.65;0;113.65;
SHAPE:430 [0];1;0
ANGLES:;;;;;;;;
LENGTHS:0;105.235;0;140.47;0;140.47;0;140.47;0;75.235;
SHAPE:16 [0];2;0
ANGLES:;;;;0;36.9;0;36.9;
LENGTHS:0;250;0;246.35;0;471.5333;0;410.583360000001;0;250;
SHAPE:53 [0];2;0
ANGLES:0;45.0;;;;;0;45.0;
LENGTHS:;;0;47.8711;0;500;0;47.8711;;;
SHAPE:58 [0];2;0
ANGLES:;;;;;;;;
LENGTHS:0;113.65;0;260;0;357.3;0;260;0;113.65;
SHAPE:15 [0];2;0
ANGLES:;;;;;;;;
LENGTHS:0;250;0;300;0;1000;0;300;0;250;
SHAPE:59 [0];2;0
ANGLES:;;;;;;;;;;
LENGTHS:0;113.65;0;270;0;357.3;0;270;;;0;93.8211904695309;
SHAPE:54 [0];1;0
ANGLES:;;;;;;;;;;
LENGTHS:0;113.65;0;707.3;0;507.3;0;707.3;0;507.3;0;113.65;
SHAPE:65 [0];2;0
ANGLES:;;;;;;;;;;
LENGTHS:0;113.65;0;270;0;357.3;0;270;;;0;104.021137606071;
SHAPE:19 [0];3;0
ANGLES:;;0;51.3;0;51.3;0;51.3;0;51.3;
LENGTHS:0;203.35;0;350;0;320.156211871642;0;500;0;320.156211871642;0;250;
SHAPE:55 [0];2;0
ANGLES:;;;;;;;;;;;;
LENGTHS:0;113.65;0;507.3;0;707.3;0;507.3;0;707.3;;;0;93.8211904695309;
SHAPE:60 [0];3;0
ANGLES:;;;;;;;;;;;;
LENGTHS:;;;;0;320;0;357.3;0;320;;;;;
SHAPE:82 [0];3;0
ANGLES:0;45.0;;;;;;;;;0;45.0;
LENGTHS:;;;;0;407.3;0;1407.3;0;307.3;;;;;
SHAPE:63 [0];2;0
ANGLES:;;;;;;;;;;0;45.0;
LENGTHS:0;113.65;0;507.3;0;707.3;0;507.3;0;707.3;;;0;104.021135077493;
SHAPE:20 [0];3;0
ANGLES:;;0;52.8;0;52.8;0;51.3;0;51.3;;;
LENGTHS:0;203.35;0;340;0;314.006369362152;0;420;0;320.156211871642;0;350;0;203.35;
SHAPE:56 [0];2;0
ANGLES:;;;;;;;;;;;;;;
LENGTHS:0;93.8211904695309;;;0;707.3;0;507.3;0;707.3;0;507.3;;;0;93.821190469531;
SHAPE:36 [0];0;0
ANGLES:;;;;;;;;;;;;;;;;
LENGTHS:0;400;0;250;0;350;0;250;0;350;0;250;0;200;0;250;0;150;
SHAPE:32 [0];0;0
ANGLES:
LENGTHS:0;200;
SHAPE:33 [0];0;0
ANGLES:
LENGTHS:0;200;
SHAPE:C1002 [0];0;0
ANGLES:
LENGTHS:0;1000;
SHAPE:C1003 [0];0;0
ANGLES:
LENGTHS:0;1000;
SHAPE:C1004 [0];0;0
ANGLES:
LENGTHS:0;1000;
SHAPE:C1005 [0];0;0
ANGLES:
LENGTHS:0;1000;
SHAPE:C1006 [0];0;0
ANGLES:
LENGTHS:0;1000;
SHAPE:C1007 [0];0;0
ANGLES:
LENGTHS:0;1000;
SHAPE:C1008 [0];0;0
ANGLES:
LENGTHS:0;1000;
SHAPE:C1009 [0];0;0
ANGLES:
LENGTHS:0;1000;
SHAPE:C1010 [0];0;0
ANGLES:
LENGTHS:0;1000;
SHAPE:C1011 [0];0;0
ANGLES:
LENGTHS:0;1000;
SHAPE:C1012 [0];0;0
ANGLES:
LENGTHS:0;1000;
SHAPE:C1013 [0];0;0
ANGLES:
LENGTHS:0;1000;
SHAPE:C1014 [0];0;0
ANGLES:
LENGTHS:0;1000;
SHAPE:C1016 [0];0;0
ANGLES:
LENGTHS:0;1000;
SHAPE:C1001 [0];0;0
ANGLES:
LENGTHS:0;1000;
SHAPE:C1002 [1];0;0
ANGLES:
LENGTHS:0;1000;
SHAPE:C1001 [1];0;0
ANGLES:
LENGTHS:0;1000;
SHAPE:C1003 [1];0;0
ANGLES:
LENGTHS:0;1000;
SHAPE:C1004 [1];0;0
ANGLES:
LENGTHS:0;1000;
SHAPE:C1012 [1];0;0
ANGLES:
LENGTHS:0;1000;
SHAPE:C9009 [0];1;0
ANGLES:;;
LENGTHS:0;800;0;400;
SHAPE:C9001 [0];1;0
ANGLES:;;
LENGTHS:0;800;0;400;
SHAPE:C9002 [0];1;0
ANGLES:;;
LENGTHS:0;800;0;400;
SHAPE:C9003 [0];1;0
ANGLES:;;
LENGTHS:0;800;0;400;
SHAPE:C2001 [0];1;0
ANGLES:;;
LENGTHS:0;800;0;400;
SHAPE:C2002 [0];1;0
ANGLES:;;
LENGTHS:0;800;0;400;
SHAPE:C2003 [0];1;0
ANGLES:;;
LENGTHS:0;800;0;400;
SHAPE:C2004 [0];1;0
ANGLES:;;
LENGTHS:0;800;0;400;
SHAPE:C9001 [1];1;0
ANGLES:;;
LENGTHS:0;800;0;400;
SHAPE:C9002 [1];1;0
ANGLES:;;
LENGTHS:0;800;0;400;
SHAPE:C9003 [1];1;0
ANGLES:;;
LENGTHS:0;800;0;400;
SHAPE:R1001 [0];1;0
ANGLES:0;45.0;
LENGTHS:0;533.3333;0;85.1236356395801;
SHAPE:C2001 [1];1;0
ANGLES:;;
LENGTHS:0;800;0;400;
SHAPE:C2002 [1];1;0
ANGLES:;;
LENGTHS:0;800;0;400;
SHAPE:C2003 [1];1;0
ANGLES:;;
LENGTHS:0;800;0;400;
SHAPE:C2004 [1];1;0
ANGLES:;;
LENGTHS:0;800;0;400;
SHAPE:C2005 [0];1;0
ANGLES:;;
LENGTHS:0;800;0;400;
SHAPE:C2017 [0];1;0
ANGLES:0;45.0;
LENGTHS:0;400;0;282.842712474619;
SHAPE:C2018 [0];1;0
ANGLES:0;45.0;
LENGTHS:0;400;0;282.842712474619;
SHAPE:C2021 [0];1;0
ANGLES:0;45.0;
LENGTHS:0;400;0;282.842712474619;
SHAPE:C2027 [0];1;0
ANGLES:0;135.0;
LENGTHS:0;800;0;565.685424949238;
SHAPE:C2005 [1];1;0
ANGLES:;;
LENGTHS:0;800;0;400;
SHAPE:C2017 [1];1;0
ANGLES:0;45.0;
LENGTHS:0;400;0;282.842712474619;
SHAPE:C2018 [1];1;0
ANGLES:0;45.0;
LENGTHS:0;400;0;282.842712474619;
SHAPE:C2027 [1];1;0
ANGLES:0;135.0;
LENGTHS:0;800;0;565.685424949238;
SHAPE:26 [1];1;0
ANGLES:;;
LENGTHS:0;1500;0;500;
SHAPE:R1009 [0];1;0
ANGLES:0;45.0;
LENGTHS:0;471.4045;0;466.666716795274;
SHAPE:R1008 [0];1;0
ANGLES:0;116.6;
LENGTHS:0;894.4272;0;533.333293978587;
SHAPE:2 [1];1;0
ANGLES:;;
LENGTHS:0;1500;;;
SHAPE:G1007 [0];1;0
ANGLES:0;123.7;
LENGTHS:0;600;0;240.370066540928;
SHAPE:C4001 [0];1;0
ANGLES:;;;;
LENGTHS:0;333.333389342532;0;471.4045;0;133.333327452742;
SHAPE:C4001 [1];1;0
ANGLES:;;;;
LENGTHS:0;333.333389342532;0;471.4045;0;133.333327452742;
SHAPE:C4002 [0];1;0
ANGLES:;;;;
LENGTHS:0;333.333389342532;0;471.4045;0;133.333327452742;
SHAPE:C4003 [0];1;0
ANGLES:;;;;
LENGTHS:0;333.333389342532;0;471.4045;0;133.333327452742;
SHAPE:C4005 [0];1;0
ANGLES:;;;;
LENGTHS:0;333.333389342532;0;471.4045;0;133.333327452742;
SHAPE:C4006 [0];1;0
ANGLES:;;;;
LENGTHS:0;333.333389342532;0;471.4045;0;133.333327452742;
SHAPE:C4007 [0];1;0
ANGLES:;;;;
LENGTHS:0;333.333389342532;0;471.4045;0;133.333327452742;
SHAPE:C4008 [0];1;0
ANGLES:;;;;
LENGTHS:0;333.333389342532;0;471.4045;0;133.333327452742;
SHAPE:C4011 [0];1;0
ANGLES:;;;;
LENGTHS:0;333.333389342532;0;471.4045;0;133.333327452742;
SHAPE:C4002 [1];1;0
ANGLES:;;;;
LENGTHS:0;333.333389342532;0;471.4045;0;133.333327452742;
SHAPE:C4003 [1];1;0
ANGLES:;;;;
LENGTHS:0;333.333389342532;0;471.4045;0;133.333327452742;
SHAPE:R2002 [0];0;0
ANGLES:;;;;
LENGTHS:0;800;0;800;0;533.3333;
SHAPE:G3106 [0];1;0
ANGLES:;;;;
LENGTHS:0;133.333327452742;0;282.8427;0;133.333327452742;
SHAPE:R2007 [0];0;0
ANGLES:;;;;
LENGTHS:0;800;0;800;0;533.3333;
SHAPE:R2001 [0];1;0
ANGLES:;;;;
LENGTHS:0;400;0;800;0;400;
SHAPE:R1010 [0];1;0
ANGLES:;;;;
LENGTHS:0;666.6667;0;800;0;205;
SHAPE:R2006 [0];1;0
ANGLES:0;108.4;0;108.4;
LENGTHS:0;421.63701081486;0;800;0;321.637063313994;
SHAPE:R2003 [0];0;0
ANGLES:;;;;
LENGTHS:0;800;0;800;0;466.6667;
SHAPE:C3001 [0];0;0
ANGLES:;;;;
LENGTHS:0;800;0;800;0;400;
SHAPE:C3002 [0];0;0
ANGLES:;;;;
LENGTHS:0;800;0;800;0;400;
SHAPE:C3003 [0];0;0
ANGLES:;;;;
LENGTHS:0;800;0;800;0;400;
SHAPE:C3004 [0];0;0
ANGLES:;;;;
LENGTHS:0;800;0;800;0;400;
SHAPE:C3001 [1];0;0
ANGLES:;;;;
LENGTHS:0;800;0;800;0;400;
SHAPE:C3002 [1];0;0
ANGLES:;;;;
LENGTHS:0;800;0;800;0;400;
SHAPE:C3003 [1];0;0
ANGLES:;;;;
LENGTHS:0;800;0;800;0;400;
SHAPE:R2004 [0];1;0
ANGLES:0;108.4;;;
LENGTHS:0;421.63701081486;0;800;0;533.3333;
SHAPE:G2013 [0];0;0
ANGLES:0;123.7;0;56.3;
LENGTHS:0;400;0;240.370066540928;0;266.6667;
SHAPE:G2009 [0];1;0
ANGLES:0;135.0;0;45.0;
LENGTHS:0;188.561761175961;0;400;0;188.561761175961;
SHAPE:R2010 [0];1;0
ANGLES:0;108.4;;;
LENGTHS:0;421.63701081486;0;800;0;533.3333;
SHAPE:R2008 [0];1;0
ANGLES:;;0;74.1;
LENGTHS:0;400;0;666.6667;0;485.340682178797;
SHAPE:G3005 [0];1;0
ANGLES:0;135.0;0;135.0;
LENGTHS:0;188.561761175961;0;533.3333;0;188.561761175961;
SHAPE:G2102 [0];1;0
ANGLES:;;;;
LENGTHS:0;117.97700112783;0;533.3333;0;153;
SHAPE:G2014 [0];0;0
ANGLES:0;123.7;0;42.3;
LENGTHS:0;400;0;240.370066540928;0;274.873748797116;
SHAPE:G2010 [0];1;0
ANGLES:0;146.3;0;45.0;
LENGTHS:0;240.370066540928;0;400;0;82.8426505848286;
SHAPE:G1010 [0];2;0
ANGLES:;;;;
LENGTHS:0;94.2809512986584;0;266.6667;0;400;
SHAPE:G1004 [0];0;0
ANGLES:;;;;
LENGTHS:0;533.3333;;;0;94.765;
SHAPE:C3013 [0];0;0
ANGLES:;;0;45.0;
LENGTHS:0;800;0;533.3333;0;377.123663773277;
SHAPE:C3116 [0];0;0
ANGLES:0;60.9;0;45.0;
LENGTHS:0;686.3753;0;266.666669490208;0;282.842653657188;
SHAPE:C3119 [0];0;0
ANGLES:0;60.9;0;45.0;
LENGTHS:0;686.3753;0;266.666669490208;0;282.842653657188;
SHAPE:C4013 [0];0;0
ANGLES:;;;;
LENGTHS:0;400;0;333.3333;0;200;
SHAPE:C4013 [1];0;0
ANGLES:;;;;
LENGTHS:0;400;0;333.3333;0;200;
SHAPE:R3003 [0];1;0
ANGLES:;;;;
LENGTHS:0;400;0;800;0;400;
SHAPE:R1008 [1];2;0
ANGLES:0;108.4;0;71.6;
LENGTHS:0;400;0;421.63701081486;0;466.6667;
SHAPE:G3108 [0];1;0
ANGLES:;;;;
LENGTHS:0;133.333327452742;0;282.8427;0;133.333327452742;
SHAPE:G3105 [0];1;0
ANGLES:0;135.0;0;116.6;
LENGTHS:0;188.561761175961;0;400;0;149.071183592873;
SHAPE:G3104 [0];1;0
ANGLES:;;;;
LENGTHS:0;188.561863594037;0;466.666731707385;0;133.3333;
SHAPE:G3001 [0];1;0
ANGLES:;;;;
LENGTHS:0;200;0;533.3333;0;133.3333;
SHAPE:G2008 [0];1;0
ANGLES:0;49.1;0;45.0;
LENGTHS:0;176.293899434382;0;400;0;188.561761175961;
SHAPE:G2003 [0];1;0
ANGLES:0;144.8;0;135.0;
LENGTHS:0;191.348774646194;0;600;0;188.561761175961;
SHAPE:G2002 [0];1;0
ANGLES:;;;;
LENGTHS:0;188.561863594037;0;466.666731707385;0;200;
SHAPE:G1007 [1];0;0
ANGLES:;;0;45.0;
LENGTHS:0;600;0;35.023;;;
SHAPE:G0033 [0];2;0
ANGLES:0;122.0;;;
LENGTHS:0;628.932114337032;0;400;0;666.6667;
SHAPE:G0005 [0];1;0
ANGLES:0;88.5;0;43.5;
LENGTHS:0;259.999961699766;0;500;0;253.212595607485;
SHAPE:G3004 [0];1;0
ANGLES:0;126.9;;;
LENGTHS:0;166.666640000001;0;466.6667;0;133.3333;
SHAPE:G2006 [0];1;0
ANGLES:0;135.0;0;135.0;
LENGTHS:0;188.561761175961;0;600;0;188.561761175961;
SHAPE:G0041 [0];1;0
ANGLES:;;0;45.0;
LENGTHS:0;133.333327452742;0;282.8427;0;266.666654905483;
SHAPE:4 [1];1;0
ANGLES:;;;;
LENGTHS:0;206.35;0;1500;0;206.35;
SHAPE:G4115 [0];2;0
ANGLES:0;45.0;0;45.0;0;45.0;
LENGTHS:0;133.3333;0;188.561761175961;0;266.6667;0;188.561761175961;
SHAPE:G4104 [0];1;0
ANGLES:;;;;0;45.0;
LENGTHS:0;133.3333;0;266.6667;0;188.561761175961;0;133.3333;
SHAPE:A1019 [0];1;0
ANGLES:0;71.6;;;0;71.6;
LENGTHS:0;298.142383850569;0;565.6854;0;565.6854;0;298.142383850569;
SHAPE:52 [1];1;0
ANGLES:;;;;;;
LENGTHS:;;0;500;0;47.8711;;;
SHAPE:G9137 [0];0;0
ANGLES:0;45.0;0;45.0;0;45.0;
LENGTHS:0;114.400119122403;0;112.4042;0;107.66874540822;0;114.4001;
SHAPE:G7118 [0];1;0
ANGLES:0;161.6;;;0;142.1;
LENGTHS:0;210.81848959605;0;533.3333;0;533.3333;0;217.194271220145;
SHAPE:G4046 [0];0;0
ANGLES:0;45.0;0;45.0;0;45.0;
LENGTHS:0;200;0;188.561761175961;0;200;0;188.561761175961;
SHAPE:G4015 [0];2;0
ANGLES:0;45.0;0;45.0;0;38.2;
LENGTHS:0;133.3333;0;188.561761175961;0;266.6667;0;188.914581621562;
SHAPE:G4004 [0];1;0
ANGLES:;;0;63.4;0;63.4;
LENGTHS:0;133.3333;0;333.3333;0;149.071183592873;0;133.3333;
SHAPE:G2002 [1];1;0
ANGLES:;;;;;;
LENGTHS:;;0;466.6667;0;49.1651;;;
SHAPE:G1009 [0];0;0
ANGLES:;;;;;;
LENGTHS:0;466.6667;0;266.6667;;;0;94.765;
SHAPE:G0006 [0];1;0
ANGLES:;;;;;;
LENGTHS:0;200;0;466.6667;0;133.3333;0;66.6667;
SHAPE:A2007 [0];2;0
ANGLES:;;;;;;
LENGTHS:0;333.3333;0;133.3333;0;666.6667;0;66.6667;
SHAPE:A2002 [0];1;0
ANGLES:;;;;;;
LENGTHS:0;200;0;466.6667;0;133.3333;0;66.6667;
SHAPE:G9213 [0];0;0
ANGLES:;;0;45.0;0;45.0;
LENGTHS:0;333.3333;0;333.3333;0;188.561761175961;0;200;
SHAPE:G9137 [1];1;0
ANGLES:;;;;;;
LENGTHS:0;70.7279315241157;0;143.2851;0;138.549512756198;0;70.728;
SHAPE:G9037 [0];1;0
ANGLES:0;26.9;0;126.3;0;26.9;
LENGTHS:0;133.333335623504;0;295.164757645709;0;295.1647;0;133.333335623504;
SHAPE:G9013 [0];0;0
ANGLES:;;0;45.0;0;45.0;
LENGTHS:0;333.3333;0;333.3333;0;188.561761175961;0;200;
SHAPE:G7111 [0];2;0
ANGLES:0;135.0;0;45.0;0;108.4;
LENGTHS:0;166.6666;0;282.842712474619;0;333.3333;0;210.81852121882;
SHAPE:G7025 [0];3;0
ANGLES:0;143.3;;;0;46.6;
LENGTHS:0;138.133748412797;0;400.000032006411;0;333.333370787414;0;427.3594;
SHAPE:G7012 [0];2;0
ANGLES:0;116.6;0;63.4;;;
LENGTHS:0;200;0;298.142411907095;0;466.6667;0;133.3333;
SHAPE:G7004 [0];1;0
ANGLES:0;133.9;;;;;
LENGTHS:0;225.749379945992;0;533.3333;0;333.3333;0;133.3333;
SHAPE:G4043 [0];1;0
ANGLES:;;0;45.0;0;45.0;
LENGTHS:0;133.3334;0;200;0;188.561761175961;0;200;
SHAPE:G4031 [0];0;0
ANGLES:;;0;45.0;0;45.0;
LENGTHS:0;266.6666;0;146.6667;0;188.561831886652;0;133.3333;
SHAPE:G4006 [0];1;0
ANGLES:;;0;63.4;0;45.0;
LENGTHS:0;133.3333;0;333.3333;0;149.071183592873;0;210.81852121882;
SHAPE:G2009 [1];1;0
ANGLES:0;45.0;;;0;45.0;
LENGTHS:0;188.561761175961;0;400;0;35.023;;;
SHAPE:G1112 [0];1;0
ANGLES:;;;;;;
LENGTHS:0;133.3333;0;466.6667;;;0;84.765;
SHAPE:G1012 [0];1;0
ANGLES:;;;;;;
LENGTHS:0;98.3333;0;466.6667;;;0;94.765;
SHAPE:G1011 [0];1;0
ANGLES:0;135.0;;;;;
LENGTHS:0;188.561761175961;0;466.6667;;;0;94.765;
SHAPE:G1010 [1];0;0
ANGLES:;;;;0;45.0;
LENGTHS:0;400;0;266.6667;0;35.023;;;
SHAPE:G1008 [0];3;0
ANGLES:;;;;0;56.3;
LENGTHS:0;94.7649260531026;;;0;240.370066540928;0;466.6667;
SHAPE:G0020 [0];1;0
ANGLES:0;45.0;;;0;45.0;
LENGTHS:0;133.333327452742;0;377.1236;0;377.1236;0;125.010963480888;
SHAPE:G0019 [0];1;0
ANGLES:;;;;;;
LENGTHS:0;160.000021227561;0;565.6854;0;565.6854;0;160.000021227561;
SHAPE:G0004 [0];2;0
ANGLES:;;0;121.1;0;31.1;
LENGTHS:0;131.850703486671;0;399.9999951898;0;773.8544;0;137.541974982512;
SHAPE:A2115 [0];1;0
ANGLES:0;116.6;;;;;
LENGTHS:0;149.071183592873;0;666.6667;0;133.3333;0;333.3333;
SHAPE:A2014 [0];2;0
ANGLES:;;;;0;63.4;
LENGTHS:0;333.3333;0;133.3333;0;666.6667;0;149.071138871513;
SHAPE:A2013 [0];1;0
ANGLES:;;;;;;
LENGTHS:0;116.6667;0;666.6667;0;133.3333;0;333.3333;
SHAPE:G9213 [1];0;0
ANGLES:;;0;45.0;0;63.4;
LENGTHS:0;333.3333;0;333.3333;0;188.561761175961;0;210.81848959605;
SHAPE:G9041 [0];1;0
ANGLES:0;45.0;0;108.4;0;26.6;
LENGTHS:0;333.333389342532;0;377.1236;0;149.071255170841;0;333.333247921176;
SHAPE:G7218 [0];1;0
ANGLES:0;116.6;0;116.6;0;108.4;
LENGTHS:0;149.071183592873;0;466.6667;0;298.142411907095;0;94.2809512986584;
SHAPE:G7114 [0];2;0
ANGLES:0;59.0;0;76.0;0;53.1;
LENGTHS:0;94.2808805880068;0;274.873748797116;0;400;0;333.333360000001;
SHAPE:G7028 [0];2;0
ANGLES:0;121.0;0;104.0;0;56.3;
LENGTHS:0;144.280896060428;0;274.873748797116;0;400;0;240.370066540928;
SHAPE:G7018 [0];1;0
ANGLES:;;;;0;116.6;
LENGTHS:0;144.280896060428;0;400;0;400;0;149.071183592873;
SHAPE:G7016 [0];1;0
ANGLES:;;;;0;59.0;
LENGTHS:0;144.280896060428;0;400;0;333.3333;0;388.730097739923;
SHAPE:G7015 [0];2;0
ANGLES:;;;;;;
LENGTHS:0;144.280896060428;0;400;0;533.3333;0;400;
SHAPE:G7014 [0];2;0
ANGLES:0;106.7;0;63.4;0;63.4;
LENGTHS:0;165.634836834405;0;298.142411907095;0;333.3333;0;298.142456628455;
SHAPE:G7007 [0];1;0
ANGLES:0;63.4;;;0;45.0;
LENGTHS:0;298.142411907095;0;400;0;333.3333;0;188.561831886652;
SHAPE:G7002 [0];2;0
ANGLES:;;;;0;59.0;
LENGTHS:0;133.3333;0;333.3333;0;400;0;388.730097739923;
SHAPE:G4050 [0];1;0
ANGLES:;;0;63.4;0;45.0;
LENGTHS:0;133.3333;0;266.6667;0;149.071183592873;0;210.81852121882;
SHAPE:G4048 [0];0;0
ANGLES:;;;;;;
LENGTHS:0;266.6667;0;133.3333;0;266.6666;0;133.3334;
SHAPE:G4044 [0];2;0
ANGLES:;;;;0;45.0;
LENGTHS:0;133.3333;0;133.3333;0;266.6667;0;188.561761175961;
SHAPE:G4032 [0];0;0
ANGLES:;;0;45.0;0;70.8;
LENGTHS:0;266.6667;0;133.3333;0;188.561831886652;0;97.3416697724053;
SHAPE:G4007 [0];1;0
ANGLES:0;135.0;;;;;
LENGTHS:0;144.280896060428;0;400;0;133.3333;0;133.3333;
SHAPE:G4002 [0];2;0
ANGLES:;;;;0;63.4;
LENGTHS:0;333.3333;0;133.3333;0;666.6667;0;149.071138871513;
SHAPE:G0120 [0];2;0
ANGLES:0;60.3;0;67.4;0;33.7;
LENGTHS:0;149.071244993828;0;240.370092307695;0;240.3701;0;133.333286166658;
SHAPE:H1204 [0];1;0
ANGLES:;;;;;;;;
LENGTHS:0;330;0;466.6667;0;400;0;400;0;321.6667;
SHAPE:G1002 [0];2;0
ANGLES:;;;;;;;;
LENGTHS:;;;;0;533.3333;;;;;
SHAPE:A2005 [0];2;0
ANGLES:;;;;;;;;
LENGTHS:0;114.765;;;0;800;;;0;114.765;
SHAPE:R6010 [0];2;0
ANGLES:0;123.7;;;;;0;123.7;
LENGTHS:0;240.370066540928;0;400;0;800;0;333.3333;0;240.370066540928;
SHAPE:H1005 [0];1;0
ANGLES:;;;;;;;;
LENGTHS:0;395.235;0;466.6667;0;400;0;466.6667;0;133.3333;
SHAPE:G7020 [0];1;0
ANGLES:0;68.2;0;111.8;;;0;45.0;
LENGTHS:0;359.010943813389;0;400;0;359.010943813389;;;;;
SHAPE:G6105 [0];2;0
ANGLES:0;116.6;0;63.4;0;116.6;0;63.4;
LENGTHS:0;133.3333;0;298.142411907095;0;466.6667;0;298.142411907095;0;133.3334;
SHAPE:G1003 [0];2;0
ANGLES:;;;;;;;;
LENGTHS:;;;;0;533.3333;;;;;
SHAPE:S0015 [0];0;0
ANGLES:;;;;;;
LENGTHS:0;740.47;0;740.47;0;740.47;0;740.47;
SHAPE:C6002 [0];1;0
ANGLES:0;76.0;0;76.0;0;63.4;0;63.4;
LENGTHS:0;200;0;274.873748797116;0;133.3333;0;149.071273035585;0;166.6666;
SHAPE:C6003 [0];1;0
ANGLES:0;76.0;0;76.0;0;63.4;0;63.4;
LENGTHS:0;200;0;274.873748797116;0;133.3333;0;149.071273035585;0;166.6666;
SHAPE:R6110 [0];2;0
ANGLES:0;123.7;;;;;0;123.7;
LENGTHS:0;240.370066540928;0;400;0;800;0;333.3333;0;240.370066540928;
SHAPE:H2001 [0];2;0
ANGLES:;;0;146.3;0;123.7;;;
LENGTHS:0;68.8747972167717;0;409.87857108649;0;433.231010340475;0;266.6667;0;95.235;
SHAPE:H1004 [0];2;0
ANGLES:;;;;;;;;
LENGTHS:0;280;0;400;0;466.6667;0;400;0;266.6667;
SHAPE:G9001 [0];2;0
ANGLES:0;45.0;0;45.0;0;45.0;0;45.0;
LENGTHS:0;133.3334;0;188.561761175961;0;266.6667;0;188.561761175961;0;133.3334;
SHAPE:G8001 [0];2;0
ANGLES:;;;;;;;;
LENGTHS:0;133.3333;0;333.3333;0;466.6667;0;333.3333;0;133.3333;
SHAPE:G6103 [0];2;0
ANGLES:0;63.4;;;;;0;55.1;
LENGTHS:0;149.071138871513;0;266.6667;0;400;0;266.6667;0;200.448309112798;
SHAPE:G3005 [1];2;0
ANGLES:0;45.0;;;;;0;45.0;
LENGTHS:;;;;0;533.3333;;;;;
SHAPE:G0102 [0];0;0
ANGLES:;;;;0;33.4;0;33.4;
LENGTHS:0;800;0;400;0;400;0;299.505901668882;0;150;
SHAPE:G0035 [0];0;0
ANGLES:;;;;;;;;
LENGTHS:0;666.6667;0;466.6667;0;533.3334;0;400;0;266.6667;
SHAPE:R6001 [0];1;0
ANGLES:;;;;;;;;
LENGTHS:0;266.6667;0;800;0;800;0;600;0;133.3333;
SHAPE:G9201 [0];2;0
ANGLES:0;63.4;0;26.6;0;45.0;0;45.0;
LENGTHS:0;133.3333;0;149.071183592873;0;200;0;94.2809512986584;0;133.3333;
SHAPE:G8010 [0];2;0
ANGLES:;;;;0;68.2;0;68.2;
LENGTHS:0;133.3333;0;336.875708498665;0;400;0;359.010943813389;0;133.3334;
SHAPE:G8007 [0];1;0
ANGLES:0;153.4;;;;;0;153.4;
LENGTHS:0;199.071184095991;0;533.3333;0;400;0;533.3333;0;199.071184095991;
SHAPE:G7020 [1];1;0
ANGLES:0;68.2;0;111.8;;;0;45.0;
LENGTHS:0;359.010943813389;0;400;0;359.010943813389;;;0;104.400155958935;
SHAPE:G7016 [1];1;0
ANGLES:0;53.1;;;;;0;45.0;
LENGTHS:0;333.333360000001;0;400;0;400;;;;;
SHAPE:G7015 [1];0;0
ANGLES:;;;;;;0;45.0;
LENGTHS:0;345.235;0;340.47;0;340.47;;;;;
SHAPE:G6113 [0];1;0
ANGLES:0;142.4;;;;;0;109.1;
LENGTHS:0;159.341487093757;0;400;0;400;0;400;0;146.982272059354;
SHAPE:G6109 [0];2;0
ANGLES:;;;;;;;;
LENGTHS:0;144.280896060428;0;333.3333;0;466.6667;0;333.3333;0;144.280896060428;
SHAPE:G6101 [0];2;0
ANGLES:;;;;;;;;
LENGTHS:0;133.3333;0;266.6667;0;400;0;266.6667;0;133.3333;
SHAPE:G6036 [0];1;0
ANGLES:;;0;111.8;0;68.2;;;
LENGTHS:0;133.3333;0;457.803838491233;0;359.010943813389;0;333.3334;0;133.3333;
SHAPE:G6016 [0];1;0
ANGLES:0;138.4;0;68.2;0;68.2;0;138.4;
LENGTHS:0;149.071228752499;0;359.011017241379;0;266.666676217127;0;359.011;0;149.071187229759;
SHAPE:G6008 [0];2;0
ANGLES:0;63.4;0;71.6;0;71.6;0;63.4;
LENGTHS:0;94.2809512986584;0;210.81852121882;0;333.3333;0;210.81852121882;0;94.2809512986584;
SHAPE:G6001 [0];2;0
ANGLES:;;;;;;;;
LENGTHS:0;146.6666;0;266.6667;0;333.3333;0;266.6667;0;116.6667;
SHAPE:G5104 [0];2;0
ANGLES:0;63.4;0;69.4;0;49.9;0;55.9;
LENGTHS:0;133.3333;0;150.252246349151;0;191.049731745428;0;136.829162746032;0;133.3333;
SHAPE:G5007 [0];1;0
ANGLES:0;113.4;0;76.7;0;61.6;0;74.8;
LENGTHS:0;178.667925015376;0;246.5991;0;199.999971741648;0;181.964560596013;0;116.428330915332;
SHAPE:G5006 [0];2;0
ANGLES:0;114.4;0;24.4;0;24.4;0;114.4;
LENGTHS:0;166.6667;0;161.107323786909;0;213.3333;0;161.107323786909;0;156.6667;
SHAPE:G4067 [0];1;0
ANGLES:;;0;45.0;0;45.0;0;45.0;
LENGTHS:0;133.3334;0;200;0;188.561761175961;0;200;0;188.561761175961;
SHAPE:G4007 [1];2;0
ANGLES:;;;;;;0;45.0;
LENGTHS:0;133.3333;0;133.3333;0;400;;;;;
SHAPE:S0016 [0];0;0
ANGLES:;;;;;;
LENGTHS:0;740.47;0;740.47;0;740.47;0;740.47;
SHAPE:H2005 [0];1;0
ANGLES:0;135.0;0;135.0;0;90.0;0;135.0;
LENGTHS:0;144.280896060428;0;375.536547006245;0;282.842712474619;0;282.842712474619;0;116.6667;
SHAPE:H1011 [0];1;0
ANGLES:0;108.4;0;98.1;0;63.4;;;
LENGTHS:0;266.666653160083;0;407.60153458474;0;149.071247518125;0;333.333253204552;0;133.333326580042;
SHAPE:G9214 [0];1;0
ANGLES:;;0;45.0;0;45.0;;;
LENGTHS:0;200;0;333.3333;0;94.2809512986584;0;133.3333;0;133.3334;
SHAPE:G8110 [0];2;0
ANGLES:;;;;0;68.2;0;77.4;
LENGTHS:0;133.3333;0;333.3333;0;400;0;359.010943813389;0;114.944455115417;
SHAPE:G8009 [0];2;0
ANGLES:0;63.4;;;;;0;63.4;
LENGTHS:0;124.5356593816;0;200;0;333.3333;0;266.6667;0;149.071138871513;
SHAPE:G7018 [1];2;0
ANGLES:0;116.6;;;;;0;45.0;
LENGTHS:0;149.071138871513;0;333.3333;0;400;;;0;74.8701630483065;
SHAPE:G6202 [0];1;0
ANGLES:0;135.0;;;;;0;45.0;
LENGTHS:0;144.280896060428;0;344.096137879392;0;200;0;200;0;94.2809512986584;
SHAPE:G6136 [0];1;0
ANGLES:0;95.6;0;98.4;0;76.0;;;
LENGTHS:0;133.333338373754;0;401.850241014899;0;302.361039914685;0;333.333270886676;0;133.333348162566;
SHAPE:G6121 [0];2;0
ANGLES:0;116.6;;;;;;;
LENGTHS:0;149.071183592873;0;400;0;533.3333;0;400;0;133.3333;
SHAPE:G6115 [0];2;0
ANGLES:0;135.0;0;71.6;0;108.4;0;116.6;
LENGTHS:0;149.071183592873;0;421.63701081486;0;466.6667;0;421.63701081486;0;94.2809512986584;
SHAPE:G6037 [0];1;0
ANGLES:;;0;108.4;0;71.6;;;
LENGTHS:0;144.280896060428;0;533.3333;0;421.63701081486;0;400;0;144.280896060428;
SHAPE:G6012 [0];1;0
ANGLES:0;135.0;0;56.3;0;33.7;0;135.0;
LENGTHS:0;144.2809;0;266.666654905483;0;240.370113652779;0;199.999991179125;0;124.2809;
SHAPE:G6010 [0];1;0
ANGLES:0;135.0;;;0;45.0;0;135.0;
LENGTHS:0;144.280896060428;0;466.6667;0;266.6667;0;188.561831886652;0;116.6667;
SHAPE:G6009 [0];1;0
ANGLES:;;;;;;;;
LENGTHS:0;144.280896060428;0;466.6667;0;266.6667;0;333.3334;0;136.570886561082;
SHAPE:G6004 [0];2;0
ANGLES:0;116.6;0;63.4;;;;;
LENGTHS:0;133.3333;0;279.950302125512;0;400;0;266.6667;0;133.3333;
SHAPE:G6003 [0];2;0
ANGLES:0;63.4;;;;;0;63.4;
LENGTHS:0;149.071138871513;0;266.6667;0;400;0;266.6667;0;149.071138871513;
SHAPE:G4073 [0];2;0
ANGLES:0;45.0;0;26.6;0;26.6;0;18.4;
LENGTHS:0;200.000053115618;0;94.2808993829079;0;210.8185;0;94.2808993829079;0;149.071247518125;
SHAPE:G4041 [0];1;0
ANGLES:;;0;45.0;0;45.0;;;
LENGTHS:0;133.3334;0;200;0;188.561761175961;0;200;0;133.3333;
SHAPE:G4037 [0];1;0
ANGLES:;;;;0;45.0;0;45.0;
LENGTHS:0;133.3334;0;266.6666;0;133.3334;0;188.561831886652;0;133.3333;
SHAPE:G1011 [1];2;0
ANGLES:;;;;;;0;45.0;
LENGTHS:;;0;49.53;0;466.6667;0;35.023;;;
SHAPE:G0002 [0];0;0
ANGLES:;;;;;;;;
LENGTHS:0;280;0;133.3333;0;146.6667;0;94.2808098773022;0;116.6667;
SHAPE:G0001 [0];4;0
ANGLES:;;;;;;;;
LENGTHS:0;400;0;200;0;400;0;400;0;800;
SHAPE:G9332 [0];3;0
ANGLES:;;0;45.0;0;45.0;0;45.0;
LENGTHS:0;133.3334;0;133.3333;0;94.2809512986584;0;266.6667;0;94.2808805880068;
SHAPE:G8209 [0];2;0
ANGLES:0;63.4;;;0;82.9;0;58.6;
LENGTHS:0;149.071183592873;0;333.3333;0;400;0;325.798132113875;0;123.382333710139;
SHAPE:G8109 [0];2;0
ANGLES:0;75.7;;;;;0;63.4;
LENGTHS:0;137.9489255811;0;266.6667;0;400;0;333.3333;0;149.071183592873;
SHAPE:G8005 [0];3;0
ANGLES:;;;;;;;;
LENGTHS:0;144.280896060428;0;333.3334;0;400;0;466.6667;0;144.280896060428;
SHAPE:G8001 [1];1;0
ANGLES:;;;;;;;;
LENGTHS:0;200;0;466.6667;0;466.6667;0;333.3333;0;133.3333;
SHAPE:G6125 [0];2;0
ANGLES:0;135.0;0;59.0;0;76.0;;;
LENGTHS:0;133.333402031786;0;188.561819721411;0;274.8737;0;199.99999390665;0;133.333305017539;
SHAPE:G6116 [0];1;0
ANGLES:0;147.5;0;59.0;0;68.2;0;138.4;
LENGTHS:0;149.071188405573;0;388.7301;0;266.6667000588;0;359.011042447945;0;149.071288111024;
SHAPE:G6114 [0];1;0
ANGLES:0;143.1;0;63.4;;;0;135.0;
LENGTHS:0;149.071220000005;0;447.2136;0;333.333336687467;0;400.000004024962;0;144.280847234586;
SHAPE:G6111 [0];2;0
ANGLES:0;135.0;0;101.3;0;33.7;0;135.0;
LENGTHS:0;94.2808946619091;0;333.333299758725;0;339.9346;0;282.842739455638;0;133.333339515104;
SHAPE:G6108 [0];2;0
ANGLES:0;71.6;0;63.4;0;76.0;0;59.0;
LENGTHS:0;94.2808098773022;0;298.142411907095;0;333.3333;0;274.873748797116;0;94.2808805880068;
SHAPE:G6021 [0];2;0
ANGLES:;;;;;;;;
LENGTHS:0;188.561800179296;0;399.999968292644;0;466.6667;0;400;0;133.3333;
SHAPE:G6002 [0];2;0
ANGLES:;;;;;;0;63.4;
LENGTHS:0;133.3333;0;266.6667;0;400;0;200;0;149.071183592873;
SHAPE:G5106 [0];3;0
ANGLES:0;142.1;0;78.7;0;68.2;0;131.6;
LENGTHS:0;149.071129097924;0;339.934569936525;0;266.666676217127;0;359.011;0;149.071187229759;
SHAPE:G5006 [1];2;0
ANGLES:;;0;45.0;0;45.0;0;135.0;
LENGTHS:0;66.6667;0;94.2809512986584;0;133.3333;0;94.2809512986584;0;66.6667;
SHAPE:G4068 [0];0;0
ANGLES:;;;;;;;;
LENGTHS:0;266.6666;0;133.3334;0;133.3334;0;133.3333;0;133.3333;
SHAPE:G4066 [0];1;0
ANGLES:;;;;;;0;45.0;
LENGTHS:0;133.3334;0;266.6667;0;133.3333;0;200;0;188.561761175961;
SHAPE:H1016 [0];1;0
ANGLES:0;116.6;0;63.4;0;116.6;0;63.4;0;116.6;
LENGTHS:0;130;0;466.6667;0;298.142411907095;0;466.6667;0;298.142411907095;0;130;
SHAPE:H1012 [0];2;0
ANGLES:0;45.0;0;135.0;0;135.0;0;45.0;0;45.0;
LENGTHS:0;94.2809512986584;0;282.842712474619;0;642.203247006245;0;282.842712474619;0;266.6667;0;94.2809512986584;
SHAPE:H2102 [0];2;0
ANGLES:;;0;123.7;0;146.3;;;;;
LENGTHS:0;124.88642891351;0;293.026902783228;0;468.866251247262;0;400;;;0;114.400119122403;
SHAPE:G5057 [0];4;0
ANGLES:;;;;;;;;;;
LENGTHS:0;133.3333;0;146.6667;0;188.561833980106;0;133.333301046727;0;188.561833980106;0;133.333301046727;
SHAPE:H4009 [0];1;0
ANGLES:0;108.4;0;116.6;0;63.4;0;71.6;0;108.4;
LENGTHS:0;168.658221988769;0;431.080232568734;0;394.033186362714;0;149.0712;0;377.123652050372;0;149.0712;
SHAPE:H1007 [0];2;0
ANGLES:;;;;0;111.8;0;68.2;;;
LENGTHS:0;95.235;0;346.414878741877;0;391.137138491233;0;359.010943813389;0;266.6667;0;95.235;
SHAPE:G6044 [0];2;0
ANGLES:;;;;;;;;;;
LENGTHS:0;116.6667;0;266.6667;0;400;0;266.6667;0;146.6667;0;116.6667;
SHAPE:G5146 [0];2;0
ANGLES:;;0;56.3;0;56.3;0;71.6;0;71.6;
LENGTHS:0;114.450891679412;0;133.3333;0;237.706743993288;0;133.3333;0;210.81852121882;0;133.3333;
SHAPE:G0019 [1];2;0
ANGLES:0;45.0;;;;;;;0;45.0;
LENGTHS:;;;;0;565.6854;0;565.6854;;;;;
SHAPE:H1307 [0];1;0
ANGLES:;;0;111.8;0;68.2;;;;;
LENGTHS:0;82.1534212581232;0;391.137138491233;0;344.921790954888;0;266.6667;0;333.3333;0;134.765;
SHAPE:H1107 [0];2;0
ANGLES:;;;;0;111.8;0;68.2;;;
LENGTHS:0;86.3721384912333;0;346.414878741877;0;391.137138491233;0;359.010943813389;0;266.6667;0;184.765;
SHAPE:H1006 [0];1;0
ANGLES:;;;;;;;;;;
LENGTHS:0;133.3333;0;533.3333;0;466.6666;0;466.6666;0;333.3333;0;133.3333;
SHAPE:H1207 [0];2;0
ANGLES:;;0;80.5;0;110.8;0;78.7;;;
LENGTHS:0;84.7284306519945;0;277.242776994028;0;394.864826830009;0;339.934608090703;0;333.3333;0;95.235;
SHAPE:G6125 [1];3;0
ANGLES:;;0;76.0;0;77.5;;;0;45.0;
LENGTHS:;;0;200.000046733845;0;274.873754526492;0;298.1424;;;;;
SHAPE:G6052 [0];2;0
ANGLES:;;;;;;0;45.0;0;45.0;
LENGTHS:0;116.6667;0;266.6667;0;400;0;200;0;94.2809512986584;0;116.6666;
SHAPE:G6021 [1];2;0
ANGLES:;;;;;;;;0;45.0;
LENGTHS:0;133.3333;0;333.3333;0;466.6667;0;400;;;;;
SHAPE:G5158 [0];5;0
ANGLES:;;0;63.4;0;69.4;0;49.9;0;55.9;
LENGTHS:0;134.3893522675;0;133.3333;0;150.252246349151;0;191.049731745428;0;136.829162746032;0;200;
SHAPE:G5047 [0];0;0
ANGLES:;;;;;;;;;;
LENGTHS:0;266.6667;0;133.3333;0;133.3333;0;133.3333;0;200;0;133.3333;
SHAPE:G5046 [0];4;0
ANGLES:;;0;56.3;0;56.3;0;56.3;0;56.3;
LENGTHS:0;116.6667;0;133.3333;0;240.370122010952;0;133.3333;0;290.370048853424;0;133.3334;
SHAPE:G0026 [0];2;0
ANGLES:;;;;;;;;;;
LENGTHS:0;583.3333;0;133.3333;0;666.6666;0;533.3333;0;133.3333;0;466.6667;
SHAPE:H1201 [0];4;0
ANGLES:;;;;;;;;;;
LENGTHS:0;184.765;0;264.235;0;333.3333;0;200;0;373.5683;0;95.235;
SHAPE:G9016 [0];1;0
ANGLES:;;;;0;45.0;0;45.0;;;
LENGTHS:0;133.3333;0;400;0;333.3333;0;188.561831886652;0;266.6667;0;133.3334;
SHAPE:G5043 [0];0;0
ANGLES:;;;;;;;;;;
LENGTHS:0;200;0;200;0;133.3334;0;133.3333;0;133.3333;0;133.3333;
SHAPE:G4074 [0];1;0
ANGLES:;;;;;;;;;;
LENGTHS:0;133.3333;0;200;0;133.3334;0;133.3334;0;133.3333;0;133.3333;
SHAPE:G4069 [0];0;0
ANGLES:;;;;;;;;;;
LENGTHS:0;213.3333;0;133.3334;0;133.3334;0;133.3333;0;133.3333;0;133.3333;
SHAPE:G6013 [0];2;0
ANGLES:0;45.0;;;;;;;;;0;45.0;
LENGTHS:;;;;0;333.3333;0;266.6667;0;333.3333;;;;;
SHAPE:R4016 [0];0;0
ANGLES:;;0;63.4;0;63.4;0;63.4;0;63.4;;;
LENGTHS:0;400;0;266.6667;0;149.071138871513;0;133.3334;0;149.071138871513;0;266.6667;0;400;
SHAPE:H1113 [0];3;0
ANGLES:0;45.0;;;0;135.0;0;135.0;0;45.0;0;45.0;
LENGTHS:0;74.8702;;;0;377.123663773277;0;775.536547006244;0;377.123663773277;0;266.6666;0;94.2809512986584;
SHAPE:H1108 [0];3;0
ANGLES:;;0;68.2;0;111.8;;;;;0;45.0;
LENGTHS:0;72.1534212581232;0;275.529561508767;0;344.921790954888;0;400;0;333.3333;;;0;70.7279315241157;
SHAPE:H1017 [0];2;0
ANGLES:0;135.0;0;45.0;0;135.0;0;45.0;;;0;45.0;
LENGTHS:0;133.3333;0;377.123663773277;0;533.3333;0;377.123663773277;0;533.3333;;;0;74.8701630483065;
SHAPE:G9004 [0];1;0
ANGLES:;;0;45.0;0;45.0;0;45.0;0;45.0;;;
LENGTHS:0;133.3333;0;200;0;188.561761175961;0;200;0;188.561761175961;0;200;0;133.3333;
SHAPE:G5067 [0];2;0
ANGLES:;;0;45.0;0;45.0;0;45.0;0;45.0;;;
LENGTHS:0;133.3333;0;133.3333;0;188.561761175961;0;133.3333;0;188.561761175961;0;133.3334;0;133.3333;
SHAPE:G5061 [0];1;0
ANGLES:0;65.6;0;65.6;0;65.6;0;65.6;0;65.6;0;65.6;
LENGTHS:0;133.3333;0;161.107323786909;0;146.6667;0;161.107323786909;0;146.6667;0;161.107323786909;0;116.6666;
SHAPE:G5053 [0];0;0
ANGLES:;;0;63.4;0;63.4;0;63.4;0;63.4;;;
LENGTHS:0;200;0;133.3333;0;149.071183592873;0;133.3333;0;149.071183592873;0;133.3333;0;133.3333;
SHAPE:G5041 [0];2;0
ANGLES:;;0;76.0;0;76.0;0;76.0;0;76.0;;;
LENGTHS:0;133.3333;0;133.3333;0;274.873748797116;0;200;0;274.873748797116;0;133.3333;0;133.3333;
SHAPE:H3001 [0];1;0
ANGLES:;;;;;;;;;;;;
LENGTHS:0;85.235;0;333.333347906563;0;200.000049999982;0;94.2808805880062;0;266.666697906545;0;266.6667;0;85.235;
SHAPE:H1308 [0];4;0
ANGLES:;;;;0;68.2;0;111.8;;;0;45.0;
LENGTHS:0;94.0978615087666;0;346.414878741877;0;275.529561508767;0;359.010943813389;0;400;;;0;70.7279315241157;
SHAPE:H1108 [1];3;0
ANGLES:;;0;68.2;0;111.8;;;;;0;45.0;
LENGTHS:0;171.683421258123;0;275.529561508767;0;344.921790954888;0;400;0;333.3333;;;0;114.400119122403;
SHAPE:G9405 [0];0;0
ANGLES:;;0;45.0;0;45.0;0;45.0;0;45.0;;;
LENGTHS:0;183.3334;0;133.3333;0;94.2808805880068;0;133.3334;0;94.2808805880068;0;133.3333;0;166.6667;
SHAPE:G6109 [1];3;0
ANGLES:0;45.0;;;;;;;;;0;45.0;
LENGTHS:;;;;0;266.6667;0;466.6667;0;266.6667;;;;;
SHAPE:G6037 [1];3;0
ANGLES:0;45.0;;;0;108.4;0;71.6;;;0;45.0;
LENGTHS:;;;;0;399.999979740125;0;421.637;0;399.999979740125;;;;;
SHAPE:G6009 [1];2;0
ANGLES:0;45.0;;;;;;;;;0;45.0;
LENGTHS:;;;;0;400;0;266.6667;0;266.6667;;;;;
SHAPE:H3201 [0];1;0
ANGLES:;;0;94.4;0;20.0;0;69.7;0;85.9;;;
LENGTHS:0;182.213466368118;0;331.1010102235;0;193.016996293561;0;100.692052538669;0;277.388649531465;0;266.6667;0;95.235;
SHAPE:H3101 [0];1;0
ANGLES:;;;;0;45.0;0;45.0;;;;;
LENGTHS:0;184.765049999981;0;333.333350000019;0;200.000049999981;0;94.2808805880068;0;266.6667;0;266.6667;0;95.235;
SHAPE:H3017 [0];1;0
ANGLES:;;;;0;56.3;0;67.4;0;56.3;;;
LENGTHS:0;95.235;0;399.953827688037;0;133.3333;0;240.370122010952;0;240.370122010952;0;133.3333;0;184.765;
SHAPE:H3011 [0];2;0
ANGLES:;;;;0;45.0;0;71.6;0;63.4;;;
LENGTHS:0;134.765;0;199.959330400227;0;333.414577188591;0;94.2809512986584;0;149.071183592873;0;333.3333;0;134.765;
SHAPE:H1208 [0];3;0
ANGLES:;;0;78.7;0;110.8;0;80.5;;;0;45.0;
LENGTHS:0;114.188959726841;0;343.839810219869;0;329.149440787221;0;405.5175;0;266.666681778302;;;0;74.4000697639457;
SHAPE:H1020 [0];2;0
ANGLES:;;;;;;;;;;;;
LENGTHS:0;116.6667;0;200;0;266.6667;0;200;0;266.6667;0;200;0;116.6667;
SHAPE:G8005 [1];3;0
ANGLES:0;45.0;;;;;;;;;0;45.0;
LENGTHS:;;;;0;400;0;466.6667;0;466.6667;;;;;
SHAPE:G6111 [1];3;0
ANGLES:0;45.0;;;0;116.6;0;76.0;;;0;45.0;
LENGTHS:;;;;0;298.142411907095;0;333.3333;0;274.873748797116;;;;;
SHAPE:G6017 [0];3;0
ANGLES:;;;;;;;;;;;;
LENGTHS:0;94.7649999999999;;;0;266.6667;0;333.3333;0;266.6667;;;0;94.765;
SHAPE:G6012 [1];4;0
ANGLES:0;45.0;;;0;68.2;0;68.2;;;0;45.0;
LENGTHS:;;;;0;359.011;0;199.999951454244;0;359.011017241379;;;;;
SHAPE:G6010 [1];2;0
ANGLES:0;45.0;;;;;0;69.4;;;0;45.0;
LENGTHS:;;;;0;800;0;600;0;569.600218476863;;;;;
SHAPE:G5048 [0];2;0
ANGLES:;;;;;;;;;;;;
LENGTHS:0;133.3333;0;133.3333;0;200;0;133.3333;0;133.3334;0;133.3333;0;133.3333;
SHAPE:G5041 [1];2;0
ANGLES:;;0;76.0;0;76.0;0;76.0;0;76.0;;;
LENGTHS:0;133.3333;0;133.3333;0;314.873742727732;0;200;0;274.873748797116;0;133.3333;0;133.3333;
SHAPE:G5006 [2];3;0
ANGLES:0;45.0;;;0;71.6;0;71.6;;;0;45.0;
LENGTHS:;;;;0;210.81852121882;0;266.6667;0;210.81848959605;;;;;
SHAPE:H4005 [0];2;0
ANGLES:0;63.4;0;84.4;0;77.1;0;71.6;0;63.4;0;63.4;
LENGTHS:0;119.89487891753;0;119.540889431326;0;299.461903940255;0;188.561831886652;0;149.071138871513;0;266.6667;0;120.00001909604;
SHAPE:H3111 [0];2;0
ANGLES:;;;;0;45.0;0;71.6;0;63.4;;;
LENGTHS:0;184.84627718859;0;199.959330400227;0;333.41457718859;0;94.2809512986584;0;149.071183592873;0;333.3333;0;95.235;
SHAPE:G9408 [0];1;0
ANGLES:0;135.0;0;45.0;0;45.0;0;45.0;0;45.0;0;135.0;
LENGTHS:0;144.280896060428;0;200;0;94.2809512986584;0;200;0;94.2808805880068;0;200;0;144.280896060428;
SHAPE:G5039 [0];2;0
ANGLES:;;;;;;0;90.0;0;90.0;0;90.0;
LENGTHS:0;133.3333;0;133.3333;0;266.6667;0;266.6667;0;266.6667;0;133.3333;0;133.3333;
SHAPE:H1202 [0];4;0
ANGLES:;;;;;;;;;;0;45.0;
LENGTHS:0;184.765;0;325.235;0;400;0;200;0;450.235;;;0;114.400119122403;
SHAPE:G6040 [0];3;0
ANGLES:;;;;;;;;;;;;
LENGTHS:0;116.6666;0;146.6667;0;333.3333;0;533.3333;0;333.3333;0;146.6666;0;116.6666;
SHAPE:H3102 [0];5;0
ANGLES:;;;;;;;;;;;;0;45.0;
LENGTHS:0;134.764952093437;0;266.666652093472;0;266.666649999982;0;94.2808805880062;0;200.000002093454;0;333.3333;;;0;114.400119122403;
SHAPE:H1309 [0];2;0
ANGLES:0;45.0;;;0;111.8;0;68.2;;;;;0;45.0;
LENGTHS:0;101.866140175271;;;0;391.137138491233;0;344.921790954888;0;266.6667;0;333.3333;;;0;114.400119122403;
SHAPE:H1103 [0];3;0
ANGLES:;;;;;;;;;;;;;;
LENGTHS:0;160.257973781338;;;0;200;0;333.3333;0;200;0;333.3333;;;0;130.257978640005;
SHAPE:H1009 [0];3;0
ANGLES:0;45.0;;;;;0;111.8;0;68.2;;;0;45.0;
LENGTHS:0;132.900265196417;;;0;346.414878741877;0;391.137138491233;0;359.010943813389;0;266.6667;;;0;114.400119122403;
SHAPE:H4102 [0];5;0
ANGLES:;;0;76.0;0;59.0;0;71.6;0;63.4;;;0;45.0;
LENGTHS:0;134.804103465278;0;200.128002040651;0;274.914049361386;0;188.561831886652;0;149.071183592873;0;333.3333;;;0;114.400119122403;
SHAPE:H3202 [0];5;0
ANGLES:;;0;85.9;0;69.7;0;20.0;0;94.4;;;0;45.0;
LENGTHS:0;136.9972897765;0;269.218233631881;0;279.626666880164;0;100.692052538669;0;195.576072156079;0;333.3333;;;0;114.400119122403;
SHAPE:H3112 [0];2;0
ANGLES:;;;;0;45.0;0;71.6;0;63.4;;;0;45.0;
LENGTHS:0;95.3162771885905;0;199.959330400227;0;333.41457718859;0;94.2809512986584;0;149.071183592873;0;333.3333;;;0;74.8701630483065;
SHAPE:H1203 [0];5;0
ANGLES:0;45.0;;;;;;;;;;;0;45.0;
LENGTHS:0;164.400134594866;;;0;325.235;0;400;0;200;0;450.235;;;0;114.400119122403;
SHAPE:G5060 [0];2;0
ANGLES:0;45.0;0;45.0;0;45.0;0;45.0;0;45.0;0;45.0;0;45.0;0;45.0;
LENGTHS:0;133.3333;0;94.2809512986584;0;146.6667;0;94.2809512986584;0;146.6667;0;94.2809512986584;0;146.6666;0;94.2809512986584;0;116.6667;
SHAPE:S0013 [0];0;0
ANGLES:0;45.0;0;45.0;0;45.0;0;45.0;0;45.0;0;45.0;0;45.0;
LENGTHS:0;400;0;282.842712474619;0;400;0;282.842712474619;0;400;0;282.842712474619;0;400;0;282.842712474619;
SHAPE:H3203 [0];6;0
ANGLES:0;45.0;;;;;0;68.2;0;21.8;;;;;0;45.0;
LENGTHS:0;104.402492826838;;;0;333.33496065062;0;400.004151772776;0;179.505444052402;0;166.6667;0;466.6667;;;0;104.400144312209;
SHAPE:H3013 [0];3;0
ANGLES:0;45.0;;;;;0;45.0;0;71.6;0;63.4;;;0;45.0;
LENGTHS:0;104.342628812633;;;0;199.959330400227;0;333.414577188591;0;94.2809512986584;0;149.071183592873;0;333.3333;;;0;104.400144312209;
SHAPE:G9408 [1];4;0
ANGLES:0;45.0;;;0;26.6;0;63.4;0;63.4;0;26.6;;;0;45.0;
LENGTHS:0;74.4000784601737;;;0;200;0;149.071183592873;0;266.6667;0;149.071138871513;0;133.3334;;;0;74.4001491708854;
SHAPE:G6049 [0];4;0
ANGLES:;;;;;;;;;;;;;;;;
LENGTHS:0;196.6667;0;146.6667;0;146.6667;0;333.3334;0;400;0;333.3334;0;146.6667;0;146.6667;0;196.6667;
SHAPE:H7006 [0];0;0
ANGLES:
LENGTHS:0;200;
SHAPE:S0020 [0];0;0
ANGLES:
LENGTHS:0;200;
SHAPE:H7003 [0];0;0
ANGLES:
LENGTHS:0;200;
SHAPE:H7008 [0];0;0
ANGLES:
LENGTHS:0;200;
SHAPE:H7005 [0];0;0
ANGLES:
LENGTHS:0;200;
SHAPE:33 [1];0;0
ANGLES:
LENGTHS:0;200;
