// Flange plate profile definitions for tapered column joint.

//index,width,thickness,max_length

0	 150   7  6000
1	 150   8  6000
2	 150  10  6000
3	 200   8  6000
4	 200  10  6000
5	 200  12  6000
6	 200  15  6000
7	 200  20  6000
8	 250   8  6000
9	 250  10  6000
10	 250  12  6000
11	 250  15  6000
12	 250  20  6000
13	 250  25  6000
14	 300  10  6000
15	 300  12  6000
16	 300  15  6000
17	 300  20  6000
18	 350  12  6000
19	 350  15  6000
20	 350  20  6000
21	 350  25  6000
22	 400  15  6000
23	 400  20  6000
24	 400  25  6000
25	 400  30  6000
