SHAPE:A [0];0;0
ANGLES:
LENGTHS:0;1000;
SHAPE:2s [0];1;0
ANGLES:;;
LENGTHS:0;831.85;;;
SHAPE:B [0];1;0
ANGLES:;;
LENGTHS:0;2935.7;0;485.3;
SHAPE:17s [0];1;0
ANGLES:;;
LENGTHS:0;539.75;0;387.35;
SHAPE:TS2_2 [0];1;0
ANGLES:;;
LENGTHS:0;1240;0;540;
SHAPE:TS3_2 [0];1;0
ANGLES:0;105.6;
LENGTHS:0;1928.8932;0;928.893147805333;
SHAPE:TS3_1 [0];1;0
ANGLES:0;6.5;
LENGTHS:0;973.0169;0;873.016889298541;
SHAPE:31 [0];0;0
ANGLES:0;14.8;0;14.8;
LENGTHS:0;609.6;0;315.327969707874;0;457.2;
SHAPE:29 [0];0;0
ANGLES:0;45.0;0;45.0;
LENGTHS:0;646.5784;0;457.200041919432;0;335.7603;
SHAPE:1s [0];0;0
ANGLES:;;;;
LENGTHS:0;830.2625;;;0;119.0625;
SHAPE:TS8_2 [0];0;0
ANGLES:0;67.1;0;67.1;
LENGTHS:0;751.7955;0;400.000006903012;0;398.2045;
SHAPE:2 [0];1;0
ANGLES:;;;;
LENGTHS:;;0;825.5;;;
SHAPE:10 [0];1;0
ANGLES:;;;;
LENGTHS:0;381;0;609.6;0;381;
SHAPE:S15 [0];1;0
ANGLES:;;;;
LENGTHS:;;0;457.2;;;
SHAPE:S15 [1];1;0
ANGLES:;;;;
LENGTHS:;;0;457.2;;;
SHAPE:S15 [2];1;0
ANGLES:;;;;
LENGTHS:;;0;457.2;;;
SHAPE:S11 [0];0;0
ANGLES:;;;;
LENGTHS:0;914.4;0;609.6;0;914.4;
SHAPE:19 [0];2;0
ANGLES:0;29.7;0;29.7;
LENGTHS:0;307.172;0;304.799967542419;0;307.1721;
SHAPE:8 [0];1;0
ANGLES:;;;;
LENGTHS:;;0;819.3369;;;
SHAPE:S10 [0];0;0
ANGLES:;;;;
LENGTHS:0;457.2;0;304.8;0;457.2;
SHAPE:S10 [1];0;0
ANGLES:;;;;
LENGTHS:0;457.2;0;304.8;0;457.2;
SHAPE:S10 [2];0;0
ANGLES:;;;;
LENGTHS:0;457.2;0;304.8;0;457.2;
SHAPE:C [0];1;0
ANGLES:;;;;
LENGTHS:0;637.3;0;4874.6;0;637.3;
SHAPE:TS56 [0];1;0
ANGLES:0;102.1;0;57.1;
LENGTHS:0;1018.26449077777;0;1024.2389;0;955.974459541101;
SHAPE:TS5_3 [0];2;0
ANGLES:0;120.4;0;59.6;
LENGTHS:0;686.2152;0;754.360473392827;0;1104.9364;
SHAPE:TS5_2 [0];2;0
ANGLES:0;103.8;0;97.3;
LENGTHS:0;733.116888050262;0;884.144077378399;0;1951.6472;
SHAPE:TS5_1 [0];2;0
ANGLES:0;54.5;0;41.4;
LENGTHS:0;816.905034181085;0;768.750142764058;0;895.7301;
SHAPE:TS4_3 [0];2;0
ANGLES:0;111.4;;;
LENGTHS:0;628.283895015661;0;777.2092;0;1940;
SHAPE:TS4_2 [0];2;0
ANGLES:;;0;84.3;
LENGTHS:0;1939.99994975316;0;233.325444851478;0;1953.3006;
SHAPE:20 [0];1;0
ANGLES:;;;;
LENGTHS:0;266.7;0;457.2;0;266.7;
SHAPE:T9 [0];1;0
ANGLES:;;;;0;45.0;
LENGTHS:;;0;457.2;;;;;
SHAPE:T5 [0];1;0
ANGLES:;;;;;;
LENGTHS:;;0;457.2;0;63.5;;;
SHAPE:30 [0];1;0
ANGLES:0;110.2;;;;;
LENGTHS:0;461.326949120697;0;609.6;;;;;
SHAPE:18 [0];1;0
ANGLES:;;;;;;
LENGTHS:0;228.6;0;762;;;;;
SHAPE:TS29_2 [0];2;0
ANGLES:;;0;19.9;0;19.9;
LENGTHS:0;440;0;371.1269;0;500.0000215624;0;468.8731;
SHAPE:TS19 [0];2;0
ANGLES:;;;;;;
LENGTHS:0;250;0;250;0;700;0;150;
SHAPE:11 [0];0;0
ANGLES:;;;;;;
LENGTHS:0;609.6;0;457.2;;;0;107.95;
SHAPE:16 [0];3;0
ANGLES:;;;;0;71.3;
LENGTHS:0;196.850027143559;0;381.000014141758;0;402.680423932391;0;485.664;
SHAPE:13 [0];1;0
ANGLES:0;135.0;;;;;
LENGTHS:0;457.199971208748;0;609.6;;;0;107.95;
SHAPE:32 [0];2;0
ANGLES:;;;;0;45.0;
LENGTHS:0;95.25;;;0;401.6664;0;170.969227302752;
SHAPE:TS61_2 [0];1;0
ANGLES:;;0;151.1;0;28.9;
LENGTHS:0;289.6421;0;1200;0;600.000018374083;0;674.54;
SHAPE:T17 [0];2;0
ANGLES:;;;;;;;;
LENGTHS:;;;;0;457.2;;;;;
SHAPE:1 [0];2;0
ANGLES:;;;;;;;;
LENGTHS:;;;;0;828.675;;;;;
SHAPE:14 [0];2;0
ANGLES:0;73.7;0;16.3;0;16.3;0;73.7;
LENGTHS:0;395.3155;0;196.241989284582;0;600.492;0;196.241989284582;0;395.3155;
SHAPE:T17 [1];2;0
ANGLES:;;;;;;;;
LENGTHS:0;103.1875;;;0;457.2;;;0;103.1875;
SHAPE:T17 [2];2;0
ANGLES:;;;;;;;;
LENGTHS:0;87.3125;;;0;457.2;;;0;87.3125;
SHAPE:TS49_2 [0];0;0
ANGLES:;;;;;;;;
LENGTHS:0;944.3337;0;500;0;500;0;500;0;735.3479;
SHAPE:24 [0];2;0
ANGLES:;;;;;;;;
LENGTHS:;;;;0;825.5;;;;;
SHAPE:3n [0];4;0
ANGLES:0;59.0;0;59.0;0;59.0;0;59.0;
LENGTHS:0;304.8;0;148.106178129071;0;113.9261;0;148.106178129071;0;304.8;
SHAPE:TS36_3 [0];2;0
ANGLES:0;111.9;0;68.1;0;68.1;0;111.9;
LENGTHS:0;223.2038;0;460.665362040744;0;776.1894;0;460.665362040744;0;223.2038;
SHAPE:6 [0];1;0
ANGLES:;;0;45.0;0;45.0;;;
LENGTHS:;;0;501.8369;0;152.400037543368;0;304.8;;;
SHAPE:27 [0];3;0
ANGLES:;;0;45.0;0;45.0;;;
LENGTHS:;;0;349.4369;0;152.400037543368;0;457.2;;;
SHAPE:TS79_1 [0];3;0
ANGLES:;;;;0;64.2;0;64.2;
LENGTHS:0;139.9995;0;458.862254826874;0;246.938;0;499.998053065509;0;133.0643;
SHAPE:TS63 [0];0;0
ANGLES:;;;;0;51.3;0;51.3;
LENGTHS:;;0;300;0;555.3381;0;320.156211871642;0;553.5942;
SHAPE:TS62 [0];0;0
ANGLES:;;;;;;;;
LENGTHS:0;700;;;;;0;400;;;
SHAPE:TS6_2 [0];3;0
ANGLES:0;79.3;0;79.3;0;39.9;0;39.9;
LENGTHS:0;303.981318108942;0;797.997212459355;0;258.3058941686;0;1065.7934;0;287.712763438277;
SHAPE:TS36_2 [0];2;0
ANGLES:0;97.9;0;82.1;;;;;
LENGTHS:0;181.099423786314;0;716.237623701931;0;800;0;719.7256;0;190;
SHAPE:TS10 [0];2;0
ANGLES:0;66.2;0;23.8;0;26.1;0;63.9;
LENGTHS:0;302.1642;0;269.802862400179;0;384.5165;0;270.062504581458;0;203.1847;
SHAPE:S6 [0];1;0
ANGLES:;;;;;;;;
LENGTHS:;;0;410;0;1000;0;410;;;
SHAPE:21 [0];1;0
ANGLES:0;145.5;;;;;;;
LENGTHS:0;301.601356036557;0;558.8;0;304.8;;;0;107.95;
SHAPE:TS79_2 [0];3;0
ANGLES:;;;;0;56.4;0;56.4;
LENGTHS:0;240.002695181221;0;429.999477174101;0;126.216211391406;0;599.9992;0;123.78514799252;
SHAPE:TS62 [1];0;0
ANGLES:;;;;;;;;
LENGTHS:0;840;0;400;;;;;0;700;
SHAPE:TS36_2 [1];2;0
ANGLES:0;136.3;0;43.7;;;;;
LENGTHS:0;245.07;0;1033.94795546869;0;1100;0;758.7161;0;260;
SHAPE:TS29_4 [0];3;0
ANGLES:;;0;26.9;0;26.9;0;45.0;
LENGTHS:0;475;0;500;0;499.999968843779;0;1000;0;474.999970211557;
SHAPE:S4 [0];1;0
ANGLES:;;;;;;;;
LENGTHS:;;0;457.2;0;304.8;0;457.2;;;
SHAPE:12 [0];2;0
ANGLES:;;;;;;0;48.6;
LENGTHS:0;107.95;;;0;457.2;0;457.2;0;287.401172026873;
SHAPE:S5 [0];1;0
ANGLES:;;;;;;;;
LENGTHS:0;107.95;0;457.2;0;304.8;0;457.2;0;107.95;
SHAPE:32 [1];2;0
ANGLES:;;;;0;30.8;0;23.3;
LENGTHS:0;107.95;;;0;609.6;0;249.999950997475;0;300.000098908317;
SHAPE:S12 [0];1;0
ANGLES:;;;;;;;;
LENGTHS:;;0;914.4;0;609.6;0;711.2;;;
SHAPE:T12 [0];2;0
ANGLES:0;45.0;;;;;0;45.0;
LENGTHS:0;89.3512856629383;0;44.9013;0;457.2;0;44.9013;0;89.3512856629383;
SHAPE:TS66 [0];4;0
ANGLES:;;0;104.0;0;76.0;;;
LENGTHS:0;400;0;400;0;412.310562561766;0;400;0;1100;
SHAPE:TS59 [0];4;0
ANGLES:;;0;99.0;0;81.0;;;
LENGTHS:0;440;0;424.0157;0;929.126231529828;0;435.1106;0;1940;
SHAPE:TS13 [0];1;0
ANGLES:;;;;;;;;
LENGTHS:0;410;0;672.0481;0;430;0;400;0;410;
SHAPE:TS57 [0];2;0
ANGLES:0;45.0;0;45.0;0;45.0;0;45.0;
LENGTHS:0;484.993722482106;0;528.995;0;599.999973537341;0;471.0051;0;260.502522251167;
SHAPE:TS58 [0];0;0
ANGLES:0;148.8;0;77.3;0;73.1;0;148.1;
LENGTHS:0;700;0;500.00000872941;0;600.000000865642;0;599.999991144842;0;499.9999778649;
SHAPE:4s [0];1;0
ANGLES:;;0;45.0;0;45.0;0;45.0;0;45.0;
LENGTHS:0;196.849950000011;0;247.1987;0;152.399966832706;0;178.7026;0;152.399966832706;0;190.4226;
SHAPE:TS65_2 [0];4;0
ANGLES:0;67.4;0;56.3;0;56.3;0;67.4;0;56.3;
LENGTHS:0;312.221853846155;0;318.4904;0;162.537169832534;0;318.490361538462;0;318.4904;0;156.268558385012;
SHAPE:T2 [0];1;0
ANGLES:;;;;;;;;;;
LENGTHS:;;0;457.2;0;457.2;0;457.2;0;457.2;;;
SHAPE:TS14_3 [0];1;0
ANGLES:0;144.8;0;35.2;0;144.8;0;35.2;0;144.8;
LENGTHS:0;314.582928411397;0;828.4886;0;778.488635944867;0;828.4886;0;778.488635944867;0;273.2277;
SHAPE:T4 [0];2;0
ANGLES:;;0;68.9;0;111.1;0;68.9;;;
LENGTHS:;;0;392.0021;0;392.002117437802;0;391.988400510219;0;391.988397395191;;;
SHAPE:T7 [0];2;0
ANGLES:;;;;0;108.4;0;71.6;;;
LENGTHS:;;0;457.2;0;609.6;0;481.931115409661;0;457.2;;;
SHAPE:TS72 [0];1;0
ANGLES:;;;;;;;;;;
LENGTHS:0;639.9998;0;679.9982;0;380.0024;0;330.0015;0;380.0024;0;139.9992;
SHAPE:TS14_4 [0];2;0
ANGLES:;;0;107.4;;;;;;;
LENGTHS:;;0;682.253166147237;0;682.9834;0;659.788;0;466.4709;;;
SHAPE:T15 [0];1;0
ANGLES:;;;;0;70.8;0;25.8;0;45.0;
LENGTHS:0;107.95;0;457.2;0;150;0;199.999991285925;0;136.819081041279;0;89.3513;
SHAPE:T14 [0];2;0
ANGLES:0;65.0;0;116.6;0;116.6;0;63.4;0;65.0;
LENGTHS:0;96.4269709674633;0;216.352188246502;0;395.5529;0;212.985474856855;0;208.4196;0;96.4269581574053;
SHAPE:T10 [0];2;0
ANGLES:;;;;;;;;;;
LENGTHS:0;107.95;0;304.8;0;457.2;0;457.2;0;304.8;0;107.95;
SHAPE:TS54 [0];2;0
ANGLES:;;;;;;;;;;;;
LENGTHS:;;0;430;0;930;0;430;0;930;0;430;;;
SHAPE:TS80 [0];3;0
ANGLES:0;72.0;0;72.0;0;72.0;0;72.0;0;72.0;0;72.0;
LENGTHS:0;99.5654594157412;0;536.921772519834;0;536.921772519834;0;536.921772519834;0;536.921772519834;0;536.921772519834;0;99.571;
SHAPE:TS29_3 [0];3;0
ANGLES:;;0;45.0;0;45.0;0;45.0;0;45.0;;;
LENGTHS:0;475;0;500;0;300.000022124016;0;600;0;300.000022124016;0;200;0;475;
SHAPE:3s [0];6;0
ANGLES:;;;;0;59.0;0;59.0;0;59.0;0;59.0;
LENGTHS:0;107.95;;;0;304.8;0;148.106178129071;0;113.9261;0;148.106178129071;0;304.8;
SHAPE:5 [0];2;0
ANGLES:;;;;0;45.0;0;45.0;;;;;
LENGTHS:;;;;0;444.2356;0;152.400037543368;0;273.5013;;;;;
SHAPE:4 [0];1;0
ANGLES:;;0;45.0;0;45.0;0;45.0;0;45.0;;;
LENGTHS:;;0;247.1987;0;152.399966832706;0;178.7026;0;152.399966832706;0;184.0726;;;
SHAPE:S3 [0];2;0
ANGLES:0;45.0;;;;;;;;;0;45.0;
LENGTHS:;;;;0;457.2;0;304.8;0;457.2;;;;;
SHAPE:S2 [0];2;0
ANGLES:0;45.0;;;;;;;;;0;45.0;
LENGTHS:;;;;0;457.2;0;304.8;0;457.2;;;;;
SHAPE:S1 [0];2;0
ANGLES:0;45.0;;;;;;;;;0;45.0;
LENGTHS:;;;;0;457.2;0;304.8;0;457.2;;;;;
SHAPE:28 [0];4;0
ANGLES:;;;;0;45.0;0;45.0;;;;;
LENGTHS:0;107.95;;;0;349.4369;0;152.400037543368;0;457.2;;;0;107.95;
SHAPE:23 [0];1;0
ANGLES:;;0;45.0;0;45.0;0;45.0;0;45.0;;;
LENGTHS:;;0;260.35;0;152.400037543368;0;152.4;0;253.999968291376;0;125.3818;;;
SHAPE:S13 [0];3;0
ANGLES:;;;;0;108.4;0;71.6;;;;;
LENGTHS:0;97.5926898891629;;;0;446.842689889162;0;481.931115410595;0;304.800000000591;;;0;107.950000000185;
SHAPE:T11 [0];1;0
ANGLES:;;;;;;0;52.1;0;37.9;;;
LENGTHS:0;107.872347593801;0;457.29979384535;0;457.122347593801;0;279.4;0;289.604557975181;0;228.6;0;107.95;
SHAPE:S7 [0];2;0
ANGLES:;;;;;;;;;;;;
LENGTHS:;;;;0;457.2;0;304.8;0;457.2;;;;;
SHAPE:S8 [0];2;0
ANGLES:;;;;;;;;;;;;
LENGTHS:;;;;0;457.2;0;304.8;0;457.2;;;;;
SHAPE:TS69_1 [0];3;0
ANGLES:0;42.0;0;42.0;;;;;0;38.7;0;38.7;
LENGTHS:0;188.423300001698;0;419.998717639233;0;121.582700053297;0;630.0047;0;122.711000052807;0;400.001262052822;0;187.293100000107;
SHAPE:TS67_2 [0];3;0
ANGLES:;;;;;;;;;;;;
LENGTHS:0;300;0;600;0;500;0;1000;0;500;0;600;0;300;
SHAPE:7 [0];3;0
ANGLES:;;;;0;45.0;0;45.0;;;;;
LENGTHS:;;;;0;304.79993366538;0;711.2;0;304.783670209413;;;;;
SHAPE:T16 [0];1;0
ANGLES:;;;;0;47.1;0;85.7;0;47.1;;;
LENGTHS:0;107.562445190352;0;457.279687818644;0;456.812445190352;0;311.861255216498;0;311.862867852539;0;457.2;0;107.95;
SHAPE:T13 [0];2;0
ANGLES:0;45.0;;;0;116.6;0;116.6;;;0;45.0;
LENGTHS:0;89.3512290944003;;;0;511.16520000001;0;457.199964530193;0;511.1652;;;0;89.3512856629383;
SHAPE:T8 [0];2;0
ANGLES:;;;;0;108.4;0;71.6;;;0;45.0;
LENGTHS:;;0;457.2;0;609.6;0;481.931115409661;0;457.2;;;;;
SHAPE:S9 [0];2;0
ANGLES:;;;;;;;;;;;;
LENGTHS:0;95.25;;;0;457.2;0;304.8;0;457.2;;;0;95.25;
SHAPE:TS32_2 [0];3;0
ANGLES:;;;;0;69.0;0;37.6;;;;;
LENGTHS:0;159.999983892656;;;0;565.000037577282;0;600;0;464.999966729687;;;0;159.9999565589;
SHAPE:T6 [0];1;0
ANGLES:;;;;;;;;;;0;45.0;
LENGTHS:;;0;457.2;0;457.2;0;457.2;0;457.2;;;;;
SHAPE:TS69_2 [0];3;0
ANGLES:0;61.8;0;58.2;;;;;0;58.4;0;61.0;
LENGTHS:0;143.533998588105;0;430.204408764438;0;145.5154;0;729.9981;0;145.4252;0;429.213766827265;0;142.769679284959;
SHAPE:TS67 [0];3;0
ANGLES:;;;;;;;;;;;;
LENGTHS:0;200;0;300;0;500;0;1000;0;500;0;300;0;200;
SHAPE:TS60 [0];6;0
ANGLES:0;72.7;0;57.8;0;57.8;0;45.0;0;45.0;0;17.4;
LENGTHS:0;400.000013395225;0;400;0;299.999946852079;0;400;0;299.999951413329;0;300;0;700.000012416228;
SHAPE:TS64_2 [0];0;0
ANGLES:0;45.0;0;45.0;0;45.0;0;45.0;0;45.0;0;45.0;0;45.0;
LENGTHS:0;282.8427;0;200.00006188979;0;282.8427;0;200.00006188979;0;282.8427;0;199.999991179125;0;282.8427;0;199.999991179125;
SHAPE:D [0];2;0
ANGLES:0;45.0;;;;;;;;;;;0;45.0;
LENGTHS:;;;;0;787.3;0;787.3;0;787.3;0;787.3;;;;;
SHAPE:TS61 [0];3;0
ANGLES:0;45.0;;;;;0;151.1;0;28.9;;;0;45.0;
LENGTHS:0;263.134782250004;;;0;387.422188895023;0;1174.70714856802;0;600.000018374083;0;674.5407;;;0;124.852854404615;
SHAPE:TS48_2 [0];3;0
ANGLES:;;;;;;;;;;;;0;45.0;
LENGTHS:;;0;300;0;500;0;1000;0;500;0;1000;;;;;
SHAPE:TS73_1 [0];1;0
ANGLES:;;;;;;;;;;;;;;
LENGTHS:0;350.0047;0;850.0047;0;350.0047;0;850.0047;0;699.9976;0;549.9977;0;699.9976;0;100;
SHAPE:TS48_3 [0];2;0
ANGLES:;;;;;;;;;;;;;;
LENGTHS:;;0;230;0;930;0;430;0;930;0;430;0;230;;;
SHAPE:TS68 [0];3;0
ANGLES:;;;;;;;;;;;;;;
LENGTHS:0;40.0492360018266;0;729.854831042946;0;229.452214545138;0;730.0393;0;579.503372944469;0;279.997911561944;0;579.926182108697;0;39.9592052073111;
SHAPE:3 [0];6;0
ANGLES:;;;;0;59.0;0;59.0;0;59.0;0;59.0;;;;;
LENGTHS:;;;;0;304.8;0;148.106178129071;0;113.9261;0;148.106178129071;0;304.8;;;;;
SHAPE:TS61_3 [0];3;0
ANGLES:0;45.0;;;;;;;0;52.7;0;37.3;;;0;45.0;
LENGTHS:;;;;0;345.230729448134;0;894.933589530175;0;147.6698;0;326.014374799103;0;635.5978;;;;;
SHAPE:22 [0];2;0
ANGLES:;;;;0;45.0;0;45.0;0;45.0;0;45.0;;;;;
LENGTHS:;;;;0;260.35;0;152.400037543368;0;152.4;0;253.999968291376;0;125.3818;;;;;
SHAPE:TS70_1 [0];1;0
ANGLES:;;;;;;;;;;;;;;;;
LENGTHS:0;89.9999999999997;0;930;0;591.8548;0;930;0;591.8548;0;287.0121;0;591.8548;0;287.0121;0;89.9999999999999;
SHAPE:TS28 [0];5;0
ANGLES:;;;;0;65.5;0;65.5;0;59.1;0;59.1;;;;;
LENGTHS:0;161.5;0;123;0;190.9937;0;560.312304610277;0;292.3438;0;591.896409251898;0;193.6626;0;123;0;161.5;
SHAPE:TS24 [0];6;0
ANGLES:;;;;;;;;;;;;;;;;
LENGTHS:0;240;0;530;0;330;0;630;0;530;0;230;0;730;0;430;0;240;
SHAPE:TS25 [0];1;0
ANGLES:0;45.0;0;45.0;0;45.0;0;45.0;0;45.0;0;45.0;0;45.0;0;45.0;0;45.0;
LENGTHS:0;60.5026017827127;0;253.847700000014;0;253.845182616964;0;253.8477;0;253.845041195628;0;253.8478;0;253.845111906296;0;253.8477;0;253.845111906296;0;60.5025;
SHAPE:TS14_2 [0];1;0
ANGLES:;;;;;;;;;;;;;;;;;;
LENGTHS:0;160;0;650;0;450;0;650;0;450;0;650;0;450;0;650;0;450;0;160;
SHAPE:TS65 [0];5;0
ANGLES:0;22.0;;;0;67.4;0;56.3;0;56.3;0;67.4;0;56.3;;;0;22.0;
LENGTHS:;;;;0;360.555092307694;0;360.555130769235;0;200.000067925038;0;360.555130769235;0;360.5551;0;200.000012455025;;;;;
SHAPE:TS71 [0];1;0
ANGLES:;;;;;;;;;;;;;;;;;;
LENGTHS:0;99.9999999999999;0;700;0;600;0;700;0;600;0;500;0;600;0;300;0;600;0;100;
SHAPE:TS75_1 [0];5;0
ANGLES:;;;;;;;;;;;;;;;;;;
LENGTHS:0;200;0;750.0017;0;649.9996;0;945.9174;0;330.0014;0;1150.0036;0;330.0014;0;954.0879;0;649.9996;0;200;
SHAPE:S14 [0];3;0
ANGLES:;;;;;;;;;;;;;;;;;;;;
LENGTHS:0;107.95;0;177.8;0;228.6;0;254;0;228.6;0;203.2;0;228.6;0;254;0;228.6;0;177.8;0;107.95;
SHAPE:TS64 [0];2;0
ANGLES:0;22.0;;;0;45.0;0;45.0;0;45.0;0;45.0;0;45.0;0;45.0;0;45.0;;;0;22.0;
LENGTHS:;;;;0;282.8427;0;200.00006188979;0;282.8427;0;199.999991179125;0;282.8427;0;199.999991179125;0;282.8427;0;200.00006188979;;;;;
SHAPE:TS73_2 [0];1;0
ANGLES:;;;;;;;;;;;;;;;;;;;;;;
LENGTHS:0;240.001;0;800.0022;0;230.001;0;800.0022;0;579.9987;0;529.9966;0;579.9987;0;529.9966;0;579.9987;0;529.9966;0;579.9987;0;140;
SHAPE:TS73_3 [0];1;0
ANGLES:;;;;;;;;;;;;;;;;;;;;;;
LENGTHS:0;240.001;0;800.0022;0;230.001;0;800.0022;0;579.9987;0;529.9966;0;130;0;529.9966;0;130;0;529.9966;0;579.9987;0;140;
SHAPE:TS74 [0];1;0
ANGLES:;;;;;;;;;;;;;;;;;;;;;;
LENGTHS:0;349.9985;0;1250.0043;0;349.9985;0;1250.0043;0;749.9951;0;1100.0011;0;749.9951;0;823.0573;0;749.9951;0;549.9996;0;749.9951;0;100;
SHAPE:15 [0];7;0
ANGLES:;;;;0;45.0;0;45.0;0;45.0;0;45.0;0;45.0;0;45.0;0;45.0;0;45.0;;;;;
LENGTHS:;;;;0;127;0;203.200002917372;0;152.4;0;203.200002917372;0;127;0;203.200002917372;0;152.4;0;203.200002917372;0;127;;;;;
SHAPE:TS70_2 [0];1;0
ANGLES:;;;;;;;;;;;;;;;;;;;;;;;;
LENGTHS:0;125;0;1000;0;661.8548;0;1000;0;661.8548;0;354.4714;0;661.8548;0;354.4714;0;661.8548;0;354.4714;0;661.8548;0;354.4714;0;125;
SHAPE:TS75_2 [0];8;0
ANGLES:;;;;;;;;;;;;;;;;;;;;;;;;
LENGTHS:0;140.6028;0;624.5314;0;330.6028;0;624.5314;0;330.6028;0;624.5314;0;709.4381;0;199.9993;0;1050.0049;0;199.9993;0;671.1696;0;624.5314;0;140;
SHAPE:TS78 [0];5;0
ANGLES:;;;;;;;;;;;;;;;;;;;;;;;;;;
LENGTHS:0;140;0;810.0036;0;580.0031;0;954.9899;0;190.0023;0;1130.0011;0;190.0023;0;985.0148;0;580.0031;0;810.0036;0;230.0006;0;810.0036;0;230.0006;0;140;
SHAPE:TS77 [0];9;0
ANGLES:;;;;;;;;;;;;;;;;;;;;;;;;;;
LENGTHS:0;100.000000000002;0;780.004;0;679.997399999999;0;929.6673;0;379.9953;0;929.6673;0;379.9953;0;780.004;0;269.9963;0;1050.3372;0;269.9963;0;1050.3372;0;679.9974;0;100;
SHAPE:TS76 [0];4;0
ANGLES:;;;;;;;;;;;;;;;;;;;;;;;;;;
LENGTHS:0;140;0;620.0044;0;868.2473;0;160.005;0;1060.0034;0;160.005;0;891.7576;0;620.0044;0;445.1061;0;620.0044;0;160.0034;0;620.0044;0;414.8988;0;140;
SHAPE:S14 [1];3;0
ANGLES:;;;;;;;;;;;;;;;;;;;;;;;;;;;;
LENGTHS:0;107.95;0;177.8;0;228.6;0;254;0;228.6;0;203.2;0;228.6;0;254;0;228.6;0;203.2;0;228.6;0;254;0;228.6;0;177.8;0;107.95;
SHAPE:15 [1];5;0
ANGLES:;;;;0;45.0;0;45.0;0;45.0;0;45.0;0;45.0;0;45.0;0;45.0;0;45.0;0;45.0;0;45.0;0;45.0;0;45.0;;;;;
LENGTHS:;;;;0;127;0;203.200002917372;0;152.4;0;203.200002917372;0;177.8;0;203.200002917372;0;152.4;0;203.200002917372;0;127;0;203.200002917372;0;152.4;0;203.200002917372;0;127;;;;;
SHAPE:S14 [2];3;0
ANGLES:;;;;;;;;;;;;;;;;;;;;;;;;;;;;;;;;;;;;
LENGTHS:0;107.95;0;177.8;0;228.6;0;254;0;228.6;0;203.2;0;228.6;0;254;0;228.6;0;203.2;0;228.6;0;254;0;228.6;0;203.2;0;228.6;0;254;0;228.6;0;177.8;0;107.95;
SHAPE:15 [2];9;0
ANGLES:;;;;0;45.0;0;45.0;0;45.0;0;45.0;0;45.0;0;45.0;0;45.0;0;45.0;0;45.0;0;45.0;0;45.0;0;45.0;0;45.0;0;45.0;0;45.0;0;45.0;;;;;
LENGTHS:;;;;0;127;0;203.200002917372;0;152.4;0;203.200002917372;0;177.8;0;203.200002917372;0;152.4;0;203.200002917372;0;177.8;0;203.200002917372;0;152.4;0;203.200002917372;0;127;0;203.200002917372;0;152.4;0;203.200002917372;0;127;;;;;
SHAPE:S14 [3];3;0
ANGLES:;;;;;;;;;;;;;;;;;;;;;;;;;;;;;;;;;;;;;;;;;;;;
LENGTHS:0;107.95;0;177.8;0;228.6;0;254;0;228.6;0;203.2;0;228.6;0;254;0;228.6;0;203.2;0;228.6;0;254;0;228.6;0;203.2;0;228.6;0;254;0;228.6;0;203.2;0;228.6;0;254;0;228.6;0;177.8;0;107.95;
SHAPE:15 [3];13;0
ANGLES:;;;;0;45.0;0;45.0;0;45.0;0;45.0;0;45.0;0;45.0;0;45.0;0;45.0;0;45.0;0;45.0;0;45.0;0;45.0;0;45.0;0;45.0;0;45.0;0;45.0;0;45.0;0;45.0;0;45.0;0;45.0;;;;;
LENGTHS:;;;;0;127;0;203.200002917372;0;152.4;0;203.200002917372;0;177.8;0;203.200002917372;0;152.4;0;203.200002917372;0;177.8;0;203.200002917372;0;152.4;0;203.200002917372;0;177.8;0;203.200002917372;0;152.4;0;203.200002917372;0;127;0;203.200002917372;0;152.4;0;203.200002917372;0;127;;;;;
SHAPE:S14 [4];3;0
ANGLES:;;;;;;;;;;;;;;;;;;;;;;;;;;;;;;;;;;;;;;;;;;;;;;;;;;;;
LENGTHS:0;107.95;0;177.8;0;228.6;0;254;0;228.6;0;203.2;0;228.6;0;254;0;228.6;0;203.2;0;228.6;0;254;0;228.6;0;203.2;0;228.6;0;254;0;228.6;0;203.2;0;228.6;0;254;0;228.6;0;203.2;0;228.6;0;254;0;228.6;0;177.8;0;107.95;
SHAPE:15 [4];17;0
ANGLES:;;;;0;45.0;0;45.0;0;45.0;0;45.0;0;45.0;0;45.0;0;45.0;0;45.0;0;45.0;0;45.0;0;45.0;0;45.0;0;45.0;0;45.0;0;45.0;0;45.0;0;45.0;0;45.0;0;45.0;0;45.0;0;45.0;0;45.0;0;45.0;0;45.0;;;;;
LENGTHS:;;;;0;127;0;203.200002917373;0;152.4;0;203.200002917372;0;177.8;0;203.200002917372;0;152.4;0;203.200002917372;0;177.8;0;203.200002917372;0;152.4;0;203.200002917372;0;177.8;0;203.200002917372;0;152.4;0;203.200002917372;0;177.8;0;203.200002917372;0;152.4;0;203.200002917372;0;127;0;203.200002917372;0;152.4;0;203.200002917372;0;127;;;;;
SHAPE:STR [0];0;0
ANGLES:
LENGTHS:0;1000;
SHAPE:TS2_2 [1];1;0
ANGLES:;;
LENGTHS:0;1940;0;540;
SHAPE:17 [0];1;0
ANGLES:;;;;
LENGTHS:0;387.35;0;546.1;0;387.35;
SHAPE:A [1];2;0
ANGLES:0;45.0;;;;;;;;;;;0;45.0;
LENGTHS:;;;;0;510.47;0;510.47;0;510.47;0;510.47;;;;;
