SHAPE:C1016 [0];0;0
ANGLES:
LENGTHS:0;1000;
SHAPE:C1014 [0];0;0
ANGLES:
LENGTHS:0;1000;
SHAPE:C1013 [0];0;0
ANGLES:
LENGTHS:0;1000;
SHAPE:C1012 [0];0;0
ANGLES:
LENGTHS:0;1000;
SHAPE:C1011 [0];0;0
ANGLES:
LENGTHS:0;1000;
SHAPE:C1010 [0];0;0
ANGLES:
LENGTHS:0;1000;
SHAPE:C1009 [0];0;0
ANGLES:
LENGTHS:0;1000;
SHAPE:C1008 [0];0;0
ANGLES:
LENGTHS:0;1000;
SHAPE:C1007 [0];0;0
ANGLES:
LENGTHS:0;1000;
SHAPE:C1006 [0];0;0
ANGLES:
LENGTHS:0;1000;
SHAPE:C1005 [0];0;0
ANGLES:
LENGTHS:0;1000;
SHAPE:C1004 [0];0;0
ANGLES:
LENGTHS:0;1000;
SHAPE:C1003 [0];0;0
ANGLES:
LENGTHS:0;1000;
SHAPE:C1002 [0];0;0
ANGLES:
LENGTHS:0;1000;
SHAPE:C1001 [0];0;0
ANGLES:
LENGTHS:0;1000;
SHAPE:G1001 [0];0;0
ANGLES:
LENGTHS:0;1000;
SHAPE:C9009 [0];1;0
ANGLES:;;
LENGTHS:0;800;0;400;
SHAPE:C9003 [0];1;0
ANGLES:;;
LENGTHS:0;800;0;400;
SHAPE:C9002 [0];1;0
ANGLES:;;
LENGTHS:0;800;0;400;
SHAPE:C9001 [0];1;0
ANGLES:;;
LENGTHS:0;800;0;400;
SHAPE:R1001 [0];1;0
ANGLES:0;45.0;
LENGTHS:0;533.3333;0;85.1236356395802;
SHAPE:G1005 [0];1;0
ANGLES:;;
LENGTHS:0;466.6667;;;
SHAPE:C2027 [0];1;0
ANGLES:0;135.0;
LENGTHS:0;800;0;565.685424949238;
SHAPE:C2021 [0];1;0
ANGLES:0;45.0;
LENGTHS:0;400;0;282.842712474619;
SHAPE:C2018 [0];1;0
ANGLES:0;45.0;
LENGTHS:0;400;0;282.842712474619;
SHAPE:C2017 [0];1;0
ANGLES:0;45.0;
LENGTHS:0;400;0;282.842712474619;
SHAPE:C2005 [0];1;0
ANGLES:;;
LENGTHS:0;800;0;400;
SHAPE:C2004 [0];1;0
ANGLES:;;
LENGTHS:0;800;0;400;
SHAPE:C2003 [0];1;0
ANGLES:;;
LENGTHS:0;800;0;400;
SHAPE:C2002 [0];1;0
ANGLES:;;
LENGTHS:0;800;0;400;
SHAPE:C2001 [0];1;0
ANGLES:;;
LENGTHS:0;800;0;400;
SHAPE:R1009 [0];1;0
ANGLES:0;45.0;
LENGTHS:0;471.4045;0;466.666716795274;
SHAPE:R1008 [0];1;0
ANGLES:0;116.6;
LENGTHS:0;894.4272;0;533.333293978587;
SHAPE:R1007 [0];1;0
ANGLES:;;
LENGTHS:0;800;0;533.3333;
SHAPE:G1005 [1];1;0
ANGLES:;;
LENGTHS:0;466.6667;0;94.765;
SHAPE:G1007 [0];1;0
ANGLES:0;123.7;
LENGTHS:0;600;0;240.370066540928;
SHAPE:G1006 [0];1;0
ANGLES:0;56.3;
LENGTHS:0;466.6667;0;240.370066540928;
SHAPE:C4011 [0];1;0
ANGLES:;;;;
LENGTHS:0;333.333389342532;0;471.4045;0;133.333327452742;
SHAPE:C4008 [0];1;0
ANGLES:;;;;
LENGTHS:0;333.333389342532;0;471.4045;0;133.333327452742;
SHAPE:C4007 [0];1;0
ANGLES:;;;;
LENGTHS:0;333.333389342532;0;471.4045;0;133.333327452742;
SHAPE:C4006 [0];1;0
ANGLES:;;;;
LENGTHS:0;333.333389342532;0;471.4045;0;133.333327452742;
SHAPE:C4005 [0];1;0
ANGLES:;;;;
LENGTHS:0;333.333389342532;0;471.4045;0;133.333327452742;
SHAPE:C4003 [0];1;0
ANGLES:;;;;
LENGTHS:0;333.333389342532;0;471.4045;0;133.333327452742;
SHAPE:C4002 [0];1;0
ANGLES:;;;;
LENGTHS:0;333.333389342532;0;471.4045;0;133.333327452742;
SHAPE:C4001 [0];1;0
ANGLES:;;;;
LENGTHS:0;333.333389342532;0;471.4045;0;133.333327452742;
SHAPE:R2002 [0];0;0
ANGLES:;;;;
LENGTHS:0;800;0;800;0;533.3333;
SHAPE:G3106 [0];1;0
ANGLES:;;;;
LENGTHS:0;133.333327452742;0;282.8427;0;133.333327452742;
SHAPE:R2007 [0];0;0
ANGLES:;;;;
LENGTHS:0;800;0;800;0;533.3333;
SHAPE:R2001 [0];1;0
ANGLES:;;;;
LENGTHS:0;400;0;800;0;400;
SHAPE:R1010 [0];1;0
ANGLES:;;;;
LENGTHS:0;666.6667;0;800;0;205;
SHAPE:R2006 [0];1;0
ANGLES:0;108.4;0;108.4;
LENGTHS:0;421.63701081486;0;800;0;321.637063313994;
SHAPE:R2003 [0];0;0
ANGLES:;;;;
LENGTHS:0;800;0;800;0;466.6667;
SHAPE:G3006 [0];1;0
ANGLES:0;33.7;0;33.7;
LENGTHS:0;200;0;240.370066540928;0;133.3333;
SHAPE:C3004 [0];0;0
ANGLES:;;;;
LENGTHS:0;800;0;800;0;400;
SHAPE:C3003 [0];0;0
ANGLES:;;;;
LENGTHS:0;800;0;800;0;400;
SHAPE:C3002 [0];0;0
ANGLES:;;;;
LENGTHS:0;800;0;800;0;400;
SHAPE:C3001 [0];0;0
ANGLES:;;;;
LENGTHS:0;800;0;800;0;400;
SHAPE:R2004 [0];1;0
ANGLES:0;108.4;;;
LENGTHS:0;421.63701081486;0;800;0;533.3333;
SHAPE:G2013 [0];0;0
ANGLES:0;123.7;0;56.3;
LENGTHS:0;400;0;240.370066540928;0;266.6667;
SHAPE:G2009 [0];1;0
ANGLES:0;135.0;0;45.0;
LENGTHS:0;188.561761175961;0;400;0;188.561761175961;
SHAPE:G2007 [0];1;0
ANGLES:0;26.6;0;26.6;
LENGTHS:0;149.071183592873;0;400;0;149.071183592873;
SHAPE:R2010 [0];1;0
ANGLES:0;108.4;;;
LENGTHS:0;421.63701081486;0;800;0;533.3333;
SHAPE:R2008 [0];1;0
ANGLES:;;0;74.1;
LENGTHS:0;400;0;666.6667;0;485.340682178797;
SHAPE:G3005 [0];1;0
ANGLES:0;135.0;0;135.0;
LENGTHS:0;188.561761175961;0;533.3333;0;188.561761175961;
SHAPE:G2102 [0];1;0
ANGLES:;;;;
LENGTHS:0;188.561761175961;0;533.3333;0;153;
SHAPE:G2101 [0];1;0
ANGLES:;;;;
LENGTHS:0;200;0;533.3333;0;200;
SHAPE:G2014 [0];0;0
ANGLES:0;123.7;0;42.3;
LENGTHS:0;400;0;240.370066540928;0;274.873748797116;
SHAPE:G2010 [0];1;0
ANGLES:0;146.3;0;45.0;
LENGTHS:0;240.370066540928;0;400;0;82.8426505848286;
SHAPE:G2001 [0];1;0
ANGLES:;;;;
LENGTHS:0;200;0;533.3333;0;130;
SHAPE:G1010 [0];2;0
ANGLES:;;;;
LENGTHS:0;94.2809512986584;0;266.6667;0;400;
SHAPE:G1004 [0];0;0
ANGLES:;;;;
LENGTHS:0;533.3333;;;0;94.765;
SHAPE:C4013 [0];0;0
ANGLES:;;;;
LENGTHS:0;400;0;333.3333;0;200;
SHAPE:C3119 [0];0;0
ANGLES:0;60.9;0;45.0;
LENGTHS:0;686.3753;0;266.666669490208;0;282.842653657188;
SHAPE:C3116 [0];0;0
ANGLES:0;60.9;0;45.0;
LENGTHS:0;686.3753;0;266.666669490208;0;282.842653657188;
SHAPE:C3013 [0];0;0
ANGLES:;;0;45.0;
LENGTHS:0;800;0;533.3333;0;377.123663773277;
SHAPE:R3003 [0];1;0
ANGLES:;;;;
LENGTHS:0;400;0;800;0;400;
SHAPE:R1008 [1];2;0
ANGLES:0;108.4;0;71.6;
LENGTHS:0;400;0;421.63701081486;0;466.6667;
SHAPE:G3108 [0];1;0
ANGLES:;;;;
LENGTHS:0;133.333327452742;0;282.8427;0;133.333327452742;
SHAPE:G3105 [0];1;0
ANGLES:0;135.0;0;116.6;
LENGTHS:0;188.561761175961;0;400;0;149.071183592873;
SHAPE:G3104 [0];1;0
ANGLES:;;;;
LENGTHS:0;188.561863594037;0;466.666731707385;0;133.3333;
SHAPE:G3001 [0];1;0
ANGLES:;;;;
LENGTHS:0;200;0;533.3333;0;133.3333;
SHAPE:G2111 [0];0;0
ANGLES:;;;;
LENGTHS:0;400;0;133.3333;0;400;
SHAPE:G2011 [0];0;0
ANGLES:;;;;
LENGTHS:0;465;0;133.3333;0;400;
SHAPE:G2008 [0];1;0
ANGLES:0;49.1;0;45.0;
LENGTHS:0;176.293899434382;0;400;0;188.561761175961;
SHAPE:G2003 [0];1;0
ANGLES:0;144.8;0;135.0;
LENGTHS:0;191.348774646194;0;600;0;188.561761175961;
SHAPE:G2002 [0];1;0
ANGLES:;;;;
LENGTHS:0;188.561863594037;0;466.666731707385;0;200;
SHAPE:G1007 [1];0;0
ANGLES:;;0;45.0;
LENGTHS:0;600;0;35.023;;;
SHAPE:G0033 [0];2;0
ANGLES:0;122.0;;;
LENGTHS:0;628.932114337032;0;400;0;666.6667;
SHAPE:G0005 [0];1;0
ANGLES:0;88.5;0;43.5;
LENGTHS:0;259.999961699766;0;500;0;253.212595607486;
SHAPE:R1102 [0];1;0
ANGLES:0;56.3;0;29.7;
LENGTHS:0;266.666711008367;0;480.7402;0;149.07114576604;
SHAPE:G3004 [0];1;0
ANGLES:0;126.9;;;
LENGTHS:0;166.666640000001;0;466.6667;0;133.3333;
SHAPE:G3002 [0];1;0
ANGLES:;;0;45.0;
LENGTHS:0;133.3333;0;466.6667;0;188.561761175961;
SHAPE:G2006 [0];1;0
ANGLES:0;135.0;0;135.0;
LENGTHS:0;188.561761175961;0;600;0;188.561761175961;
SHAPE:G2005 [0];1;0
ANGLES:;;0;45.0;
LENGTHS:0;133.3333;0;466.6667;0;188.561761175961;
SHAPE:G2004 [0];1;0
ANGLES:0;138.4;;;
LENGTHS:0;212.478329448676;0;533.3333;0;135;
SHAPE:G0041 [0];1;0
ANGLES:;;0;45.0;
LENGTHS:0;133.333327452742;0;282.8427;0;266.666654905483;
SHAPE:G4115 [0];2;0
ANGLES:0;45.0;0;45.0;0;45.0;
LENGTHS:0;133.3333;0;188.561761175961;0;266.6667;0;188.561761175961;
SHAPE:G4104 [0];1;0
ANGLES:;;;;0;45.0;
LENGTHS:0;133.3333;0;266.6667;0;188.561761175961;0;133.3333;
SHAPE:G2102 [1];1;0
ANGLES:;;;;;;
LENGTHS:;;0;466.6667;0;35.0229972094107;;;
SHAPE:A1019 [0];1;0
ANGLES:0;71.6;;;0;71.6;
LENGTHS:0;298.142383850569;0;565.6854;0;565.6854;0;298.142383850569;
SHAPE:G9137 [0];0;0
ANGLES:0;45.0;0;45.0;0;45.0;
LENGTHS:0;114.400119122403;0;112.4042;0;107.66874540822;0;114.4001;
SHAPE:G7118 [0];1;0
ANGLES:0;161.6;;;0;142.1;
LENGTHS:0;210.81848959605;0;533.3333;0;533.3333;0;217.194271220145;
SHAPE:G4046 [0];0;0
ANGLES:0;45.0;0;45.0;0;45.0;
LENGTHS:0;200;0;188.561761175961;0;200;0;188.561761175961;
SHAPE:G4015 [0];2;0
ANGLES:0;45.0;0;45.0;0;38.2;
LENGTHS:0;133.3333;0;188.561761175961;0;266.6667;0;188.914581621562;
SHAPE:G4004 [0];1;0
ANGLES:;;0;63.4;0;63.4;
LENGTHS:0;133.3333;0;333.3333;0;149.071183592873;0;133.3333;
SHAPE:G3104 [1];1;0
ANGLES:;;;;0;45.0;
LENGTHS:;;0;466.6667;;;;;
SHAPE:G2002 [1];1;0
ANGLES:;;;;;;
LENGTHS:;;0;466.6667;0;49.1651;;;
SHAPE:G1009 [0];0;0
ANGLES:;;;;;;
LENGTHS:0;466.6667;0;266.6667;;;0;94.765;
SHAPE:G0006 [0];1;0
ANGLES:;;;;;;
LENGTHS:0;200;0;466.6667;0;133.3333;0;66.6667;
SHAPE:A2007 [0];2;0
ANGLES:;;;;;;
LENGTHS:0;333.3333;0;133.3333;0;666.6667;0;66.6667;
SHAPE:A2002 [0];1;0
ANGLES:;;;;;;
LENGTHS:0;200;0;466.6667;0;133.3333;0;66.6667;
SHAPE:G9213 [0];0;0
ANGLES:;;0;45.0;0;45.0;
LENGTHS:0;333.3333;0;333.3333;0;188.561761175961;0;200;
SHAPE:G9137 [1];1;0
ANGLES:;;;;;;
LENGTHS:0;70.7279315241157;0;143.2851;0;138.549512756198;0;70.728;
SHAPE:G9037 [0];1;0
ANGLES:0;26.9;0;126.3;0;26.9;
LENGTHS:0;133.333335623504;0;295.164757645709;0;295.1647;0;133.333335623504;
SHAPE:G9013 [0];0;0
ANGLES:;;0;45.0;0;45.0;
LENGTHS:0;333.3333;0;333.3333;0;188.561761175961;0;200;
SHAPE:G7111 [0];2;0
ANGLES:0;135.0;0;45.0;0;108.4;
LENGTHS:0;166.6666;0;282.842712474619;0;333.3333;0;210.81852121882;
SHAPE:G7025 [0];3;0
ANGLES:0;143.3;;;0;46.6;
LENGTHS:0;138.133748412797;0;400.000032006411;0;333.333370787414;0;427.3594;
SHAPE:G7012 [0];2;0
ANGLES:0;116.6;0;63.4;;;
LENGTHS:0;200;0;298.142411907095;0;466.6667;0;133.3333;
SHAPE:G7004 [0];1;0
ANGLES:0;133.9;;;;;
LENGTHS:0;225.749379945992;0;533.3333;0;333.3333;0;133.3333;
SHAPE:G7001 [0];1;0
ANGLES:;;;;;;
LENGTHS:0;333.3333;0;466.6667;0;333.3333;0;133.3333;
SHAPE:G4043 [0];1;0
ANGLES:;;0;45.0;0;45.0;
LENGTHS:0;133.3334;0;200;0;188.561761175961;0;200;
SHAPE:G4031 [0];0;0
ANGLES:;;0;45.0;0;45.0;
LENGTHS:0;266.6666;0;146.6667;0;188.561831886652;0;133.3333;
SHAPE:G4006 [0];1;0
ANGLES:;;0;63.4;0;45.0;
LENGTHS:0;133.3333;0;333.3333;0;149.071183592873;0;210.81852121882;
SHAPE:G2009 [1];1;0
ANGLES:0;45.0;;;0;45.0;
LENGTHS:0;188.561761175961;0;400;0;35.023;;;
SHAPE:G1112 [0];1;0
ANGLES:;;;;;;
LENGTHS:0;133.3333;0;466.6667;;;0;84.765;
SHAPE:G1012 [0];1;0
ANGLES:;;;;;;
LENGTHS:0;98.3333;0;466.6667;;;0;94.765;
SHAPE:G1011 [0];1;0
ANGLES:0;135.0;;;;;
LENGTHS:0;188.561761175961;0;466.6667;;;0;94.765;
SHAPE:G1010 [1];0;0
ANGLES:;;;;0;45.0;
LENGTHS:0;400;0;266.6667;0;35.023;;;
SHAPE:G1008 [0];3;0
ANGLES:;;;;0;56.3;
LENGTHS:0;94.7649260531026;;;0;240.370066540928;0;466.6667;
SHAPE:G0020 [0];1;0
ANGLES:0;45.0;;;0;45.0;
LENGTHS:0;133.333327452742;0;377.1236;0;377.1236;0;125.010963480888;
SHAPE:G0019 [0];1;0
ANGLES:;;;;;;
LENGTHS:0;160.000021227561;0;565.6854;0;565.6854;0;160.000021227561;
SHAPE:G0004 [0];2;0
ANGLES:;;0;121.1;0;31.1;
LENGTHS:0;131.850703486671;0;399.9999951898;0;773.8544;0;137.541974982512;
SHAPE:A2115 [0];1;0
ANGLES:0;116.6;;;;;
LENGTHS:0;149.071183592873;0;666.6667;0;133.3333;0;333.3333;
SHAPE:A2014 [0];2;0
ANGLES:;;;;0;63.4;
LENGTHS:0;333.3333;0;133.3333;0;666.6667;0;149.071138871513;
SHAPE:A2013 [0];1;0
ANGLES:;;;;;;
LENGTHS:0;116.6667;0;666.6667;0;133.3333;0;333.3333;
SHAPE:G9213 [1];0;0
ANGLES:;;0;45.0;0;63.4;
LENGTHS:0;333.3333;0;333.3333;0;188.561761175961;0;210.81848959605;
SHAPE:G9041 [0];1;0
ANGLES:0;45.0;0;108.4;0;26.6;
LENGTHS:0;333.333389342532;0;377.1236;0;149.071255170841;0;333.333247921176;
SHAPE:G7218 [0];1;0
ANGLES:0;116.6;0;116.6;0;108.4;
LENGTHS:0;149.071183592873;0;466.6667;0;298.142411907095;0;94.2809512986584;
SHAPE:G7114 [0];2;0
ANGLES:0;59.0;0;76.0;0;53.1;
LENGTHS:0;94.2808805880068;0;274.873748797116;0;400;0;333.333360000001;
SHAPE:G7028 [0];2;0
ANGLES:0;121.0;0;104.0;0;56.3;
LENGTHS:0;144.280896060428;0;274.873748797116;0;400;0;240.370066540928;
SHAPE:G7018 [0];1;0
ANGLES:;;;;0;116.6;
LENGTHS:0;144.280896060428;0;400;0;400;0;149.071183592873;
SHAPE:G7016 [0];1;0
ANGLES:;;;;0;59.0;
LENGTHS:0;144.280896060428;0;400;0;333.3333;0;388.730097739923;
SHAPE:G7015 [0];2;0
ANGLES:;;;;;;
LENGTHS:0;144.280896060428;0;400;0;533.3333;0;400;
SHAPE:G7014 [0];2;0
ANGLES:0;106.7;0;63.4;0;63.4;
LENGTHS:0;165.634836834405;0;298.142411907095;0;333.3333;0;298.142456628455;
SHAPE:G7007 [0];1;0
ANGLES:0;63.4;;;0;45.0;
LENGTHS:0;298.142411907095;0;400;0;333.3333;0;188.561831886652;
SHAPE:G7002 [0];2;0
ANGLES:;;;;0;59.0;
LENGTHS:0;133.3333;0;333.3333;0;400;0;388.730097739923;
SHAPE:G4050 [0];1;0
ANGLES:;;0;63.4;0;45.0;
LENGTHS:0;133.3333;0;266.6667;0;149.071183592873;0;210.81852121882;
SHAPE:G4048 [0];0;0
ANGLES:;;;;;;
LENGTHS:0;266.6667;0;133.3333;0;266.6666;0;133.3334;
SHAPE:G4044 [0];2;0
ANGLES:;;;;0;45.0;
LENGTHS:0;133.3333;0;133.3333;0;266.6667;0;188.561761175961;
SHAPE:G4032 [0];0;0
ANGLES:;;0;45.0;0;70.8;
LENGTHS:0;266.6667;0;133.3333;0;188.561831886652;0;97.3416697724053;
SHAPE:G4007 [0];1;0
ANGLES:0;135.0;;;;;
LENGTHS:0;144.280896060428;0;400;0;133.3333;0;133.3333;
SHAPE:G4002 [0];2;0
ANGLES:;;;;0;63.4;
LENGTHS:0;333.3333;0;133.3333;0;666.6667;0;149.071138871513;
SHAPE:G4001 [0];2;0
ANGLES:;;;;;;
LENGTHS:0;133.3334;0;133.3333;0;333.3333;0;133.3333;
SHAPE:G0120 [0];2;0
ANGLES:0;60.3;0;67.4;0;33.7;
LENGTHS:0;149.071244993828;0;240.370092307695;0;240.3701;0;133.333286166658;
SHAPE:H1204 [0];1;0
ANGLES:;;;;;;;;
LENGTHS:0;330;0;466.6667;0;400;0;400;0;321.6667;
SHAPE:G5004 [0];2;0
ANGLES:0;63.4;0;63.4;0;63.4;0;63.4;
LENGTHS:0;133.3333;0;149.071183592873;0;200;0;149.071183592873;0;133.3333;
SHAPE:G1002 [0];2;0
ANGLES:;;;;;;;;
LENGTHS:;;;;0;533.3333;;;;;
SHAPE:A2005 [0];2;0
ANGLES:;;;;;;;;
LENGTHS:0;114.765;;;0;800;;;0;114.765;
SHAPE:R6010 [0];2;0
ANGLES:0;123.7;;;;;0;123.7;
LENGTHS:0;240.370066540928;0;400;0;800;0;333.3333;0;240.370066540928;
SHAPE:H1005 [0];1;0
ANGLES:;;;;;;;;
LENGTHS:0;405;0;466.6667;0;400;0;466.6667;0;133.3333;
SHAPE:G7020 [0];1;0
ANGLES:0;68.2;0;111.8;;;0;45.0;
LENGTHS:0;359.010943813389;0;400;0;359.010943813389;;;;;
SHAPE:G6105 [0];2;0
ANGLES:0;116.6;0;63.4;0;116.6;0;63.4;
LENGTHS:0;133.3333;0;298.142411907095;0;466.6667;0;298.142411907095;0;133.3334;
SHAPE:G1003 [0];2;0
ANGLES:;;;;;;;;
LENGTHS:;;;;0;533.3333;;;;;
SHAPE:C6003 [0];1;0
ANGLES:0;76.0;0;76.0;0;63.4;0;63.4;
LENGTHS:0;200;0;274.873748797116;0;133.3333;0;149.071273035585;0;166.6666;
SHAPE:C6002 [0];1;0
ANGLES:0;76.0;0;76.0;0;63.4;0;63.4;
LENGTHS:0;200;0;274.873748797116;0;133.3333;0;149.071273035585;0;166.6666;
SHAPE:S0015 [0];0;0
ANGLES:;;;;;;
LENGTHS:0;740.47;0;740.47;0;740.47;0;740.47;
SHAPE:R6110 [0];2;0
ANGLES:0;123.7;;;;;0;123.7;
LENGTHS:0;240.370066540928;0;400;0;800;0;333.3333;0;240.370066540928;
SHAPE:H2001 [0];2;0
ANGLES:;;0;146.3;0;123.7;;;
LENGTHS:0;95.235;0;400;0;480.740188551873;0;266.6667;0;95.235;
SHAPE:H1004 [0];2;0
ANGLES:;;;;;;;;
LENGTHS:0;280;0;400;0;466.6667;0;400;0;266.6667;
SHAPE:G9001 [0];2;0
ANGLES:0;45.0;0;45.0;0;45.0;0;45.0;
LENGTHS:0;133.3334;0;188.561761175961;0;266.6667;0;188.561761175961;0;133.3334;
SHAPE:G8001 [0];2;0
ANGLES:;;;;;;;;
LENGTHS:0;133.3333;0;333.3333;0;466.6667;0;333.3333;0;133.3333;
SHAPE:G6103 [0];2;0
ANGLES:0;63.4;;;;;0;55.1;
LENGTHS:0;149.071138871513;0;266.6667;0;400;0;266.6667;0;200.448309112798;
SHAPE:G3005 [1];2;0
ANGLES:0;45.0;;;;;0;45.0;
LENGTHS:;;;;0;533.3333;;;;;
SHAPE:G0102 [0];0;0
ANGLES:;;;;0;33.4;0;33.4;
LENGTHS:0;800;0;400;0;400;0;299.505901668882;0;150;
SHAPE:G0035 [0];0;0
ANGLES:;;;;;;;;
LENGTHS:0;666.6667;0;466.6667;0;533.3334;0;400;0;266.6667;
SHAPE:R6001 [0];1;0
ANGLES:;;;;;;;;
LENGTHS:0;266.6667;0;800;0;800;0;600;0;133.3333;
SHAPE:G9201 [0];2;0
ANGLES:0;63.4;0;26.6;0;45.0;0;45.0;
LENGTHS:0;133.3333;0;149.071183592873;0;200;0;94.2809512986584;0;133.3333;
SHAPE:G8010 [0];2;0
ANGLES:;;;;0;68.2;0;68.2;
LENGTHS:0;133.3333;0;333.3333;0;400;0;359.010943813389;0;133.3334;
SHAPE:G8007 [0];1;0
ANGLES:0;153.4;;;;;0;153.4;
LENGTHS:0;199.071184095991;0;533.3333;0;400;0;533.3333;0;199.071184095991;
SHAPE:G7020 [1];1;0
ANGLES:0;68.2;0;111.8;;;0;45.0;
LENGTHS:0;359.010943813389;0;400;0;359.010943813389;;;0;104.400155958935;
SHAPE:G7016 [1];1;0
ANGLES:0;53.1;;;;;0;45.0;
LENGTHS:0;333.333360000001;0;400;0;400;;;;;
SHAPE:G7015 [1];0;0
ANGLES:;;;;;;0;45.0;
LENGTHS:0;345.235;0;340.47;0;340.47;;;;;
SHAPE:G6113 [0];1;0
ANGLES:0;142.4;;;;;0;109.1;
LENGTHS:0;159.341487093757;0;400;0;400;0;400;0;146.982272059354;
SHAPE:G6109 [0];2;0
ANGLES:;;;;;;;;
LENGTHS:0;144.280896060428;0;333.3333;0;466.6667;0;333.3333;0;144.280896060428;
SHAPE:G6101 [0];2;0
ANGLES:;;;;;;;;
LENGTHS:0;133.3333;0;266.6667;0;400;0;266.6667;0;133.3333;
SHAPE:G6036 [0];1;0
ANGLES:;;0;111.8;0;68.2;;;
LENGTHS:0;133.3333;0;466.6667;0;359.010943813389;0;333.3334;0;133.3333;
SHAPE:G6016 [0];1;0
ANGLES:0;138.4;0;68.2;0;68.2;0;138.4;
LENGTHS:0;149.071228752499;0;359.011017241379;0;266.666676217127;0;359.011;0;149.071187229759;
SHAPE:G6008 [0];2;0
ANGLES:0;63.4;0;71.6;0;71.6;0;63.4;
LENGTHS:0;94.2809512986584;0;210.81852121882;0;333.3333;0;210.81852121882;0;94.2809512986584;
SHAPE:G6001 [0];2;0
ANGLES:;;;;;;;;
LENGTHS:0;146.6666;0;266.6667;0;333.3333;0;266.6667;0;116.6667;
SHAPE:G5104 [0];2;0
ANGLES:0;63.4;0;69.4;0;49.9;0;55.9;
LENGTHS:0;133.3333;0;149.071183592873;0;191.049731745428;0;136.829162746032;0;133.3333;
SHAPE:G5007 [0];1;0
ANGLES:0;113.4;0;76.7;0;61.6;0;74.8;
LENGTHS:0;178.667925015376;0;246.5991;0;199.999971741648;0;181.964560596013;0;116.428330915332;
SHAPE:G5006 [0];2;0
ANGLES:0;114.4;0;24.4;0;24.4;0;114.4;
LENGTHS:0;166.6667;0;161.107323786909;0;213.3333;0;161.107323786909;0;156.6667;
SHAPE:G5002 [0];3;0
ANGLES:;;;;0;71.6;0;71.6;
LENGTHS:0;133.3333;0;200;0;200;0;210.81852121882;0;133.3333;
SHAPE:G4067 [0];1;0
ANGLES:;;0;45.0;0;45.0;0;45.0;
LENGTHS:0;133.3334;0;200;0;188.561761175961;0;200;0;188.561761175961;
SHAPE:G4007 [1];2;0
ANGLES:;;;;;;0;45.0;
LENGTHS:0;133.3333;0;133.3333;0;400;;;;;
SHAPE:G2006 [1];2;0
ANGLES:0;45.0;;;;;0;45.0;
LENGTHS:;;0;35.023;0;600;0;35.023;;;
SHAPE:S0016 [0];0;0
ANGLES:;;;;;;
LENGTHS:0;740.47;0;740.47;0;740.47;0;740.47;
SHAPE:H2005 [0];1;0
ANGLES:0;135.0;0;135.0;0;90.0;0;135.0;
LENGTHS:0;144.280896060428;0;400;0;282.842712474619;0;282.842712474619;0;116.6667;
SHAPE:H1011 [0];1;0
ANGLES:0;108.4;0;98.1;0;63.4;;;
LENGTHS:0;266.666653160083;0;421.637;0;149.071247518125;0;333.333253204552;0;133.333326580042;
SHAPE:G9214 [0];1;0
ANGLES:;;0;45.0;0;45.0;;;
LENGTHS:0;200;0;333.3333;0;94.2809512986584;0;133.3333;0;133.3334;
SHAPE:G8110 [0];2;0
ANGLES:;;;;0;68.2;0;77.4;
LENGTHS:0;133.3333;0;333.3333;0;400;0;359.010943813389;0;114.944455115417;
SHAPE:G8009 [0];2;0
ANGLES:0;63.4;;;;;0;63.4;
LENGTHS:0;124.5356593816;0;200;0;333.3333;0;266.6667;0;149.071138871513;
SHAPE:G7018 [1];2;0
ANGLES:0;116.6;;;;;0;45.0;
LENGTHS:0;149.071138871513;0;333.3333;0;400;;;0;74.8701630483065;
SHAPE:G6202 [0];1;0
ANGLES:0;135.0;;;;;0;45.0;
LENGTHS:0;144.280896060428;0;400;0;200;0;200;0;94.2809512986584;
SHAPE:G6136 [0];1;0
ANGLES:0;95.6;0;98.4;0;76.0;;;
LENGTHS:0;133.333338373754;0;408.6291;0;302.361039914685;0;333.333270886676;0;133.333348162566;
SHAPE:G6121 [0];2;0
ANGLES:0;116.6;;;;;;;
LENGTHS:0;149.071183592873;0;400;0;533.3333;0;400;0;133.3333;
SHAPE:G6115 [0];2;0
ANGLES:0;135.0;0;71.6;0;108.4;0;116.6;
LENGTHS:0;149.071183592873;0;421.63701081486;0;466.6667;0;421.63701081486;0;94.2809512986584;
SHAPE:G6037 [0];1;0
ANGLES:;;0;108.4;0;71.6;;;
LENGTHS:0;144.280896060428;0;533.3333;0;421.63701081486;0;400;0;144.280896060428;
SHAPE:G6012 [0];1;0
ANGLES:0;135.0;0;56.3;0;33.7;0;135.0;
LENGTHS:0;144.2809;0;266.666654905483;0;240.370113652779;0;199.999991179125;0;124.2809;
SHAPE:G6010 [0];1;0
ANGLES:0;135.0;;;0;45.0;0;135.0;
LENGTHS:0;144.280896060428;0;466.6667;0;266.6667;0;188.561831886652;0;116.6667;
SHAPE:G6009 [0];1;0
ANGLES:;;;;;;;;
LENGTHS:0;144.280896060428;0;466.6667;0;266.6667;0;333.3334;0;136.570886561082;
SHAPE:G6004 [0];2;0
ANGLES:0;116.6;0;63.4;;;;;
LENGTHS:0;133.3333;0;298.142411907095;0;400;0;266.6667;0;133.3333;
SHAPE:G6003 [0];2;0
ANGLES:0;63.4;;;;;0;63.4;
LENGTHS:0;149.071138871513;0;266.6667;0;400;0;266.6667;0;149.071138871513;
SHAPE:G4073 [0];2;0
ANGLES:0;45.0;0;26.6;0;26.6;0;18.4;
LENGTHS:0;200.000053115618;0;94.2808993829079;0;210.8185;0;94.2808993829079;0;149.071247518125;
SHAPE:G4041 [0];1;0
ANGLES:;;0;45.0;0;45.0;;;
LENGTHS:0;133.3334;0;200;0;188.561761175961;0;200;0;133.3333;
SHAPE:G4037 [0];1;0
ANGLES:;;;;0;45.0;0;45.0;
LENGTHS:0;133.3334;0;266.6666;0;133.3334;0;188.561831886652;0;133.3333;
SHAPE:G1011 [1];2;0
ANGLES:;;;;;;0;45.0;
LENGTHS:;;0;49.53;0;466.6667;0;35.023;;;
SHAPE:G0002 [0];0;0
ANGLES:;;;;;;;;
LENGTHS:0;280;0;133.3333;0;146.6667;0;94.2808098773022;0;116.6667;
SHAPE:G0001 [0];4;0
ANGLES:;;;;;;;;
LENGTHS:0;400;0;200;0;400;0;400;0;800;
SHAPE:G9332 [0];3;0
ANGLES:;;0;45.0;0;45.0;0;45.0;
LENGTHS:0;133.3334;0;133.3333;0;94.2809512986584;0;266.6667;0;94.2808805880068;
SHAPE:G8209 [0];2;0
ANGLES:0;63.4;;;0;82.9;0;58.6;
LENGTHS:0;149.071183592873;0;333.3333;0;400;0;325.798132113875;0;123.382333710139;
SHAPE:G8109 [0];2;0
ANGLES:0;75.7;;;;;0;63.4;
LENGTHS:0;137.948925581101;0;266.6667;0;400;0;333.3333;0;149.071183592873;
SHAPE:G8005 [0];3;0
ANGLES:;;;;;;;;
LENGTHS:0;144.280896060428;0;333.3334;0;400;0;466.6667;0;144.280896060428;
SHAPE:G8001 [1];1;0
ANGLES:;;;;;;;;
LENGTHS:0;200;0;466.6667;0;466.6667;0;333.3333;0;133.3333;
SHAPE:G6125 [0];2;0
ANGLES:0;135.0;0;59.0;0;76.0;;;
LENGTHS:0;133.333402031786;0;188.561819721411;0;274.8737;0;199.99999390665;0;133.333305017539;
SHAPE:G6116 [0];1;0
ANGLES:0;147.5;0;59.0;0;68.2;0;138.4;
LENGTHS:0;149.071188405574;0;388.7301;0;266.6667000588;0;359.011042447945;0;149.071288111024;
SHAPE:G6114 [0];1;0
ANGLES:0;143.1;0;63.4;;;0;135.0;
LENGTHS:0;149.071220000005;0;447.2136;0;333.333336687467;0;400.000004024962;0;144.280847234586;
SHAPE:G6111 [0];2;0
ANGLES:0;135.0;0;101.3;0;33.7;0;135.0;
LENGTHS:0;94.2808946619091;0;333.333299758725;0;339.9346;0;282.842739455638;0;133.333339515104;
SHAPE:G6108 [0];2;0
ANGLES:0;71.6;0;63.4;0;76.0;0;59.0;
LENGTHS:0;94.2808098773022;0;298.142411907095;0;333.3333;0;274.873748797116;0;94.2808805880068;
SHAPE:G6021 [0];2;0
ANGLES:;;;;;;;;
LENGTHS:0;188.561800179296;0;399.999968292644;0;466.6667;0;400;0;133.3333;
SHAPE:G6002 [0];2;0
ANGLES:;;;;;;0;63.4;
LENGTHS:0;133.3333;0;266.6667;0;400;0;200;0;149.071183592873;
SHAPE:G5106 [0];3;0
ANGLES:0;142.1;0;78.7;0;68.2;0;131.6;
LENGTHS:0;149.071129097924;0;339.934569936525;0;266.666676217127;0;359.011;0;149.071187229759;
SHAPE:G5006 [1];2;0
ANGLES:;;0;45.0;0;45.0;0;135.0;
LENGTHS:0;66.6667;0;94.2809512986584;0;133.3333;0;94.2809512986584;0;66.6667;
SHAPE:G5001 [0];1;0
ANGLES:;;;;;;;;
LENGTHS:0;133.3333;0;200;0;200;0;200;0;133.3334;
SHAPE:G4068 [0];0;0
ANGLES:;;;;;;;;
LENGTHS:0;266.6666;0;133.3334;0;133.3334;0;133.3333;0;133.3333;
SHAPE:G4066 [0];1;0
ANGLES:;;;;;;0;45.0;
LENGTHS:0;133.3334;0;266.6667;0;133.3333;0;200;0;188.561761175961;
SHAPE:H1016 [0];1;0
ANGLES:0;116.6;0;63.4;0;116.6;0;63.4;0;116.6;
LENGTHS:0;129.999983419576;0;466.6667;0;298.142411907095;0;466.6667;0;298.142411907095;0;130;
SHAPE:H1012 [0];2;0
ANGLES:0;45.0;0;135.0;0;135.0;0;45.0;0;45.0;
LENGTHS:0;93.6667;0;282.842712474619;0;666.6667;0;282.842712474619;0;266.6667;0;94.2809512986584;
SHAPE:H2102 [0];2;0
ANGLES:;;0;123.7;0;146.3;;;;;
LENGTHS:0;134.765;0;266.6667;0;480.740188551873;0;400;;;0;114.400119122403;
SHAPE:H1101 [0];2;0
ANGLES:;;;;;;;;;;
LENGTHS:0;184.765;0;200;0;333.3333;0;200;0;333.3333;0;95.235;
SHAPE:H1001 [0];1;0
ANGLES:;;;;;;;;;;
LENGTHS:0;85.235;0;333.3333;0;200;0;333.3333;0;200;0;85.235;
SHAPE:G5057 [0];4;0
ANGLES:;;;;;;;;;;
LENGTHS:0;133.3333;0;146.6667;0;188.561761175961;0;133.333301046727;0;188.561833980106;0;133.333301046727;
SHAPE:H4009 [0];1;0
ANGLES:0;108.4;0;116.6;0;63.4;0;71.6;0;108.4;
LENGTHS:0;174.280932677703;0;447.2136;0;400.000004024962;0;149.0712;0;377.123652050372;0;149.0712;
SHAPE:H1007 [0];2;0
ANGLES:;;;;0;111.8;0;68.2;;;
LENGTHS:0;95.235;0;333.3333;0;400;0;359.010943813389;0;266.6667;0;95.235;
SHAPE:G6044 [0];2;0
ANGLES:;;;;;;;;;;
LENGTHS:0;116.6667;0;266.6667;0;400;0;266.6667;0;146.6667;0;116.6667;
SHAPE:G5146 [0];2;0
ANGLES:;;0;56.3;0;56.3;0;71.6;0;71.6;
LENGTHS:0;116.6667;0;133.3333;0;240.370122010952;0;133.3333;0;210.81852121882;0;133.3333;
SHAPE:G5058 [0];3;0
ANGLES:;;0;63.4;0;63.4;0;63.4;0;63.4;
LENGTHS:0;133.3333;0;133.3333;0;149.071183592873;0;200;0;149.071183592873;0;200;
SHAPE:G0019 [1];2;0
ANGLES:0;45.0;;;;;;;0;45.0;
LENGTHS:;;;;0;565.6854;0;565.6854;;;;;
SHAPE:H1307 [0];1;0
ANGLES:;;0;111.8;0;68.2;;;;;
LENGTHS:0;95.235;0;400;0;359.010943813389;0;266.6667;0;333.3333;0;134.765;
SHAPE:H1107 [0];2;0
ANGLES:;;;;0;111.8;0;68.2;;;
LENGTHS:0;95.235;0;333.3333;0;400;0;359.010943813389;0;266.6667;0;184.765;
SHAPE:H1006 [0];1;0
ANGLES:;;;;;;;;;;
LENGTHS:0;133.3333;0;533.3333;0;466.6666;0;466.6666;0;333.3333;0;133.3333;
SHAPE:H1207 [0];2;0
ANGLES:;;0;80.5;0;110.8;0;78.7;;;
LENGTHS:0;95.235;0;266.6667;0;405.517491059954;0;339.934608090703;0;333.3333;0;95.235;
SHAPE:G6125 [1];3;0
ANGLES:;;0;76.0;0;77.5;;;0;45.0;
LENGTHS:;;0;200.000046733845;0;274.873754526492;0;298.1424;;;;;
SHAPE:G6052 [0];2;0
ANGLES:;;;;;;0;45.0;0;45.0;
LENGTHS:0;116.6667;0;266.6667;0;400;0;200;0;94.2809512986584;0;116.6666;
SHAPE:G6021 [1];2;0
ANGLES:;;;;;;;;0;45.0;
LENGTHS:0;133.3333;0;333.3333;0;466.6667;0;400;;;;;
SHAPE:G5158 [0];5;0
ANGLES:;;0;63.4;0;69.4;0;49.9;0;55.9;
LENGTHS:0;133.3333;0;133.3333;0;149.071183592873;0;191.049731745428;0;136.829162746032;0;200;
SHAPE:G5047 [0];0;0
ANGLES:;;;;;;;;;;
LENGTHS:0;266.6667;0;133.3333;0;133.3333;0;133.3333;0;200;0;133.3333;
SHAPE:G5046 [0];4;0
ANGLES:;;0;56.3;0;56.3;0;56.3;0;56.3;
LENGTHS:0;116.6667;0;133.3333;0;240.370122010952;0;133.3333;0;290.370048853424;0;133.3334;
SHAPE:G0026 [0];2;0
ANGLES:;;;;;;;;;;
LENGTHS:0;583.3333;0;133.3333;0;666.6666;0;533.3333;0;133.3333;0;466.6667;
SHAPE:H1201 [0];4;0
ANGLES:;;;;;;;;;;
LENGTHS:0;184.765;0;264.235;0;333.3333;0;200;0;373.5683;0;95.235;
SHAPE:G9016 [0];1;0
ANGLES:;;;;0;45.0;0;45.0;;;
LENGTHS:0;133.3333;0;400;0;333.3333;0;188.561831886652;0;266.6667;0;133.3334;
SHAPE:G5043 [0];0;0
ANGLES:;;;;;;;;;;
LENGTHS:0;200;0;200;0;133.3334;0;133.3333;0;133.3333;0;133.3333;
SHAPE:G4074 [0];1;0
ANGLES:;;;;;;;;;;
LENGTHS:0;133.3333;0;200;0;133.3334;0;133.3334;0;133.3333;0;133.3333;
SHAPE:G4069 [0];0;0
ANGLES:;;;;;;;;;;
LENGTHS:0;213.3333;0;133.3334;0;133.3334;0;133.3333;0;133.3333;0;133.3333;
SHAPE:G6013 [0];2;0
ANGLES:0;45.0;;;;;;;;;0;45.0;
LENGTHS:;;;;0;333.3333;0;266.6667;0;333.3333;;;;;
SHAPE:R4016 [0];0;0
ANGLES:;;0;63.4;0;63.4;0;63.4;0;63.4;;;
LENGTHS:0;400;0;266.6667;0;149.071138871513;0;133.3334;0;149.071138871513;0;266.6667;0;400;
SHAPE:H1113 [0];3;0
ANGLES:0;45.0;;;0;135.0;0;135.0;0;45.0;0;45.0;
LENGTHS:0;74.8702;;;0;377.123663773277;0;800;0;377.123663773277;0;266.6666;0;94.2809512986584;
SHAPE:H1108 [0];3;0
ANGLES:;;0;68.2;0;111.8;;;;;0;45.0;
LENGTHS:0;85.235;0;266.6667;0;359.010943813389;0;400;0;333.3333;;;0;70.7279315241157;
SHAPE:H1017 [0];2;0
ANGLES:0;135.0;0;45.0;0;135.0;0;45.0;;;0;45.0;
LENGTHS:0;133.3333;0;377.123663773277;0;533.3333;0;377.123663773277;0;533.3333;;;0;74.8701630483065;
SHAPE:G9004 [0];1;0
ANGLES:;;0;45.0;0;45.0;0;45.0;0;45.0;;;
LENGTHS:0;133.3333;0;200;0;188.561761175961;0;200;0;188.561761175961;0;200;0;133.3333;
SHAPE:G5067 [0];2;0
ANGLES:;;0;45.0;0;45.0;0;45.0;0;45.0;;;
LENGTHS:0;133.3333;0;133.3333;0;188.561831886652;0;133.3333;0;188.561761175961;0;133.3334;0;133.3333;
SHAPE:G5061 [0];1;0
ANGLES:0;65.6;0;65.6;0;65.6;0;65.6;0;65.6;0;65.6;
LENGTHS:0;133.3333;0;161.107323786909;0;146.6667;0;161.107282406631;0;146.6667;0;161.107323786909;0;116.6666;
SHAPE:G5053 [0];0;0
ANGLES:;;0;63.4;0;63.4;0;63.4;0;63.4;;;
LENGTHS:0;200;0;133.3333;0;149.071183592873;0;133.3333;0;149.071183592873;0;133.3333;0;133.3333;
SHAPE:G5041 [0];2;0
ANGLES:;;0;76.0;0;76.0;0;76.0;0;76.0;;;
LENGTHS:0;133.3333;0;133.3333;0;274.873748797116;0;200;0;274.873748797116;0;133.3333;0;133.3333;
SHAPE:H3001 [0];1;0
ANGLES:;;;;;;;;;;;;
LENGTHS:0;85.235;0;333.3333;0;200.000002093455;0;94.2808805880061;0;266.666697906545;0;266.6667;0;85.235;
SHAPE:H1308 [0];4;0
ANGLES:;;;;0;68.2;0;111.8;;;0;45.0;
LENGTHS:0;85.235;0;333.3333;0;266.6667;0;359.010943813389;0;400;;;0;70.7279315241157;
SHAPE:H1108 [1];3;0
ANGLES:;;0;68.2;0;111.8;;;;;0;45.0;
LENGTHS:0;184.765;0;266.6667;0;359.010943813389;0;400;0;333.3333;;;0;114.400119122403;
SHAPE:G9405 [0];0;0
ANGLES:;;0;45.0;0;45.0;0;45.0;0;45.0;;;
LENGTHS:0;183.3334;0;133.3333;0;94.2808805880068;0;133.3334;0;94.2808805880068;0;133.3333;0;166.6667;
SHAPE:G6109 [1];3;0
ANGLES:0;45.0;;;;;;;;;0;45.0;
LENGTHS:;;;;0;266.6667;0;466.6667;0;266.6667;;;;;
SHAPE:G6037 [1];3;0
ANGLES:0;45.0;;;0;108.4;0;71.6;;;0;45.0;
LENGTHS:;;;;0;399.999979740125;0;421.637;0;399.999979740125;;;;;
SHAPE:G6009 [1];2;0
ANGLES:0;45.0;;;;;;;;;0;45.0;
LENGTHS:;;;;0;400;0;266.6667;0;266.6667;;;;;
SHAPE:H3201 [0];1;0
ANGLES:;;0;94.4;0;20.0;0;69.7;0;85.9;;;
LENGTHS:0;184.765;0;333.3333;0;195.576072156079;0;100.692052538669;0;277.388649531465;0;266.6667;0;95.235;
SHAPE:H3101 [0];1;0
ANGLES:;;;;0;45.0;0;45.0;;;;;
LENGTHS:0;184.765;0;333.3333;0;200;0;94.2808805880068;0;266.6667;0;266.6667;0;95.235;
SHAPE:H3017 [0];1;0
ANGLES:;;;;0;56.3;0;67.4;0;56.3;;;
LENGTHS:0;95.235;0;400;0;133.3333;0;240.370122010952;0;240.370122010952;0;133.3333;0;184.765;
SHAPE:H3011 [0];2;0
ANGLES:;;;;0;45.0;0;71.6;0;63.4;;;
LENGTHS:0;134.765;0;200;0;333.3333;0;94.2809512986584;0;149.071183592873;0;333.3333;0;134.765;
SHAPE:H1208 [0];3;0
ANGLES:;;0;78.7;0;110.8;0;80.5;;;0;45.0;
LENGTHS:0;124.76505472964;0;333.333249473511;0;339.934609977404;0;405.5175;0;266.666681778302;;;0;74.4000697639458;
SHAPE:H1102 [0];2;0
ANGLES:;;;;;;;;;;0;45.0;
LENGTHS:0;184.765;0;200;0;400;0;200;0;400;;;0;104.400144312209;
SHAPE:H1020 [0];2;0
ANGLES:;;;;;;;;;;;;
LENGTHS:0;116.6667;0;200;0;266.6667;0;200;0;266.6667;0;200;0;116.6667;
SHAPE:G8005 [1];3;0
ANGLES:0;45.0;;;;;;;;;0;45.0;
LENGTHS:;;;;0;400;0;466.6667;0;466.6667;;;;;
SHAPE:G6111 [1];3;0
ANGLES:0;45.0;;;0;116.6;0;76.0;;;0;45.0;
LENGTHS:;;;;0;298.142411907095;0;333.3333;0;274.873748797116;;;;;
SHAPE:G6017 [0];3;0
ANGLES:;;;;;;;;;;;;
LENGTHS:0;94.765;;;0;266.6667;0;333.3333;0;266.6667;;;0;94.765;
SHAPE:G6012 [1];4;0
ANGLES:0;45.0;;;0;68.2;0;68.2;;;0;45.0;
LENGTHS:;;;;0;359.011;0;199.999951454244;0;359.011017241379;;;;;
SHAPE:G6010 [1];2;0
ANGLES:0;45.0;;;;;0;69.4;;;0;45.0;
LENGTHS:;;;;0;800;0;600;0;569.600218476863;;;;;
SHAPE:G5141 [0];4;0
ANGLES:;;0;76.0;0;76.0;0;63.4;0;63.4;;;
LENGTHS:0;133.3333;0;133.3333;0;274.873748797116;0;200;0;298.142411907095;0;133.3334;0;133.3333;
SHAPE:G5048 [0];2;0
ANGLES:;;;;;;;;;;;;
LENGTHS:0;133.3333;0;133.3333;0;200;0;133.3333;0;133.3334;0;133.3333;0;133.3333;
SHAPE:G5041 [1];2;0
ANGLES:;;0;76.0;0;76.0;0;76.0;0;76.0;;;
LENGTHS:0;133.3333;0;133.3333;0;314.873742727732;0;200;0;274.873748797116;0;133.3333;0;133.3333;
SHAPE:G5006 [2];3;0
ANGLES:0;45.0;;;0;71.6;0;71.6;;;0;45.0;
LENGTHS:;;;;0;210.81852121882;0;266.6667;0;210.81848959605;;;;;
SHAPE:H4005 [0];2;0
ANGLES:0;63.4;0;84.4;0;77.1;0;71.6;0;63.4;0;63.4;
LENGTHS:0;120;0;120.00001909604;0;299.55634915074;0;188.561831886652;0;149.071138871513;0;266.6667;0;120.00001909604;
SHAPE:H3111 [0];2;0
ANGLES:;;;;0;45.0;0;71.6;0;63.4;;;
LENGTHS:0;184.765;0;200;0;333.3333;0;94.2809512986584;0;149.071183592873;0;333.3333;0;95.235;
SHAPE:G9408 [0];1;0
ANGLES:0;135.0;0;45.0;0;45.0;0;45.0;0;45.0;0;135.0;
LENGTHS:0;144.280896060428;0;200;0;94.2809512986584;0;200;0;94.2808805880068;0;200;0;144.280896060428;
SHAPE:G5039 [0];2;0
ANGLES:;;;;;;0;90.0;0;90.0;0;90.0;
LENGTHS:0;133.3333;0;133.3333;0;266.6667;0;266.6667;0;266.6667;0;133.3333;0;133.3333;
SHAPE:H1202 [0];4;0
ANGLES:;;;;;;;;;;0;45.0;
LENGTHS:0;184.765;0;325.235;0;400;0;200;0;450.235;;;0;114.400119122403;
SHAPE:G6040 [0];3;0
ANGLES:;;;;;;;;;;;;
LENGTHS:0;116.6666;0;146.6667;0;333.3333;0;533.3333;0;333.3333;0;146.6666;0;116.6666;
SHAPE:H3102 [0];5;0
ANGLES:;;;;;;;;;;;;0;45.0;
LENGTHS:0;134.765;0;266.6667;0;266.666697906545;0;94.2808805880061;0;200.000002093455;0;333.3333;;;0;114.400119122403;
SHAPE:H1309 [0];2;0
ANGLES:0;45.0;;;0;111.8;0;68.2;;;;;0;45.0;
LENGTHS:0;114.400119122403;;;0;400;0;359.010943813389;0;266.6667;0;333.3333;;;0;114.400119122403;
SHAPE:H1103 [0];3;0
ANGLES:;;;;;;;;;;;;;;
LENGTHS:0;160.257973781338;;;0;200;0;333.3333;0;200;0;333.3333;;;0;130.257978640005;
SHAPE:H1009 [0];3;0
ANGLES:0;45.0;;;;;0;111.8;0;68.2;;;0;45.0;
LENGTHS:0;114.400119122403;;;0;333.3333;0;400;0;359.010943813389;0;266.6667;;;0;114.400119122403;
SHAPE:H1003 [0];2;0
ANGLES:;;;;;;;;;;;;;;
LENGTHS:0;104.40014620275;;;0;333.3333;0;200;0;333.3333;0;200;;;0;104.40014620275;
SHAPE:H4102 [0];5;0
ANGLES:;;0;76.0;0;59.0;0;71.6;0;63.4;;;0;45.0;
LENGTHS:0;134.765;0;200;0;274.873748797116;0;188.561831886652;0;149.071183592873;0;333.3333;;;0;114.400119122403;
SHAPE:H3202 [0];5;0
ANGLES:;;0;85.9;0;69.7;0;20.0;0;94.4;;;0;45.0;
LENGTHS:0;134.765;0;266.6667;0;277.388649531465;0;100.692052538669;0;195.576072156079;0;333.3333;;;0;114.400119122403;
SHAPE:H3112 [0];2;0
ANGLES:;;;;0;45.0;0;71.6;0;63.4;;;0;45.0;
LENGTHS:0;95.235;0;200;0;333.3333;0;94.2809512986584;0;149.071183592873;0;333.3333;;;0;74.8701630483065;
SHAPE:H1203 [0];5;0
ANGLES:0;45.0;;;;;;;;;;;0;45.0;
LENGTHS:0;164.400134594866;;;0;325.235;0;400;0;200;0;450.235;;;0;114.400119122403;
SHAPE:G5060 [0];2;0
ANGLES:0;45.0;0;45.0;0;45.0;0;45.0;0;45.0;0;45.0;0;45.0;0;45.0;
LENGTHS:0;133.3333;0;94.2809512986584;0;146.6667;0;94.2808805880068;0;146.6667;0;94.2809512986584;0;146.6666;0;94.2809512986584;0;116.6667;
SHAPE:S0013 [0];0;0
ANGLES:0;45.0;0;45.0;0;45.0;0;45.0;0;45.0;0;45.0;0;45.0;
LENGTHS:0;400;0;282.842712474619;0;400;0;282.842712474619;0;400;0;282.842712474619;0;400;0;282.842712474619;
SHAPE:H3203 [0];6;0
ANGLES:0;45.0;;;;;0;68.2;0;21.8;;;;;0;45.0;
LENGTHS:0;104.400144312209;;;0;333.3333;0;400;0;179.505444052402;0;166.6667;0;466.6667;;;0;104.400144312209;
SHAPE:H3013 [0];3;0
ANGLES:0;45.0;;;;;0;45.0;0;71.6;0;63.4;;;0;45.0;
LENGTHS:0;104.400144312209;;;0;200;0;333.3333;0;94.2809512986584;0;149.071183592873;0;333.3333;;;0;104.400144312209;
SHAPE:G9408 [1];4;0
ANGLES:0;45.0;;;0;26.6;0;63.4;0;63.4;0;26.6;;;0;45.0;
LENGTHS:0;74.4000784601737;;;0;200;0;149.071183592873;0;266.6667;0;149.071138871513;0;133.3334;;;0;74.4001491708854;
SHAPE:G5049 [0];2;0
ANGLES:;;;;;;;;;;;;;;;;
LENGTHS:0;133.3333;0;133.3333;0;133.3334;0;133.3333;0;133.3333;0;133.3333;0;133.3333;0;133.3333;0;133.3334;
SHAPE:G6049 [0];4;0
ANGLES:;;;;;;;;;;;;;;;;
LENGTHS:0;196.6667;0;146.6667;0;146.6667;0;333.3334;0;400;0;333.3334;0;146.6667;0;146.6667;0;196.6667;
SHAPE:H7006 [0];0;0
ANGLES:
LENGTHS:0;200;
SHAPE:H7101 [0];0;0
ANGLES:
LENGTHS:0;200;
SHAPE:H7002 [0];0;0
ANGLES:
LENGTHS:0;200;
SHAPE:S0020 [0];0;0
ANGLES:
LENGTHS:0;120.94;
SHAPE:H7003 [0];0;0
ANGLES:
LENGTHS:0;200;
SHAPE:H7008 [0];0;0
ANGLES:
LENGTHS:0;200;
SHAPE:H7005 [0];0;0
ANGLES:
LENGTHS:0;200;
SHAPE:R1001 [1];1;0
ANGLES:0;45.0;
LENGTHS:0;533.3333;0;85.1236356395802;
SHAPE:R1008 [2];1;0
ANGLES:0;116.6;
LENGTHS:0;894.4272;0;533.333293978587;
SHAPE:R1007 [1];1;0
ANGLES:;;
LENGTHS:0;800;0;533.3333;
SHAPE:R1009 [1];1;0
ANGLES:0;45.0;
LENGTHS:0;471.4045;0;466.666716795274;
SHAPE:R1107 [0];1;0
ANGLES:;;
LENGTHS:0;800;0;466.6667;
SHAPE:C4001 [1];1;0
ANGLES:;;;;
LENGTHS:0;333.333389342532;0;471.4045;0;133.333327452742;
SHAPE:C4011 [1];1;0
ANGLES:;;;;
LENGTHS:0;333.333389342532;0;471.4045;0;133.333327452742;
SHAPE:C4008 [1];1;0
ANGLES:;;;;
LENGTHS:0;333.333389342532;0;471.4045;0;133.333327452742;
SHAPE:C4007 [1];1;0
ANGLES:;;;;
LENGTHS:0;333.333389342532;0;471.4045;0;133.333327452742;
SHAPE:C4006 [1];1;0
ANGLES:;;;;
LENGTHS:0;333.333389342532;0;471.4045;0;133.333327452742;
SHAPE:C4005 [1];1;0
ANGLES:;;;;
LENGTHS:0;333.333389342532;0;471.4045;0;133.333327452742;
SHAPE:C4003 [1];1;0
ANGLES:;;;;
LENGTHS:0;333.333389342532;0;471.4045;0;133.333327452742;
SHAPE:C4002 [1];1;0
ANGLES:;;;;
LENGTHS:0;333.333389342532;0;471.4045;0;133.333327452742;
SHAPE:G3106 [1];1;0
ANGLES:;;;;
LENGTHS:0;133.333327452742;0;282.8427;0;133.333327452742;
SHAPE:R2002 [1];0;0
ANGLES:;;;;
LENGTHS:0;800;0;800;0;533.3333;
SHAPE:R2001 [1];1;0
ANGLES:;;;;
LENGTHS:0;400;0;800;0;400;
SHAPE:G3006 [1];1;0
ANGLES:0;33.7;0;33.7;
LENGTHS:0;200;0;240.370066540928;0;133.3333;
SHAPE:C3004 [1];0;0
ANGLES:;;;;
LENGTHS:0;800;0;800;0;400;
SHAPE:C3003 [1];0;0
ANGLES:;;;;
LENGTHS:0;800;0;800;0;400;
SHAPE:C3002 [1];0;0
ANGLES:;;;;
LENGTHS:0;800;0;800;0;400;
SHAPE:C3001 [1];0;0
ANGLES:;;;;
LENGTHS:0;800;0;800;0;400;
SHAPE:R1010 [1];1;0
ANGLES:;;;;
LENGTHS:0;666.6667;0;800;0;205;
SHAPE:R2007 [1];0;0
ANGLES:;;;;
LENGTHS:0;800;0;800;0;533.3333;
SHAPE:G2013 [1];0;0
ANGLES:0;123.7;0;56.3;
LENGTHS:0;400;0;240.370066540928;0;266.6667;
SHAPE:G2009 [2];1;0
ANGLES:0;135.0;0;45.0;
LENGTHS:0;188.561761175961;0;400;0;188.561761175961;
SHAPE:G2007 [1];1;0
ANGLES:0;26.6;0;26.6;
LENGTHS:0;149.071183592873;0;400;0;149.071183592873;
SHAPE:R2006 [1];1;0
ANGLES:0;108.4;0;108.4;
LENGTHS:0;421.63701081486;0;800;0;321.637063313994;
SHAPE:R2003 [1];0;0
ANGLES:;;;;
LENGTHS:0;800;0;800;0;466.6667;
SHAPE:G2101 [1];1;0
ANGLES:;;;;
LENGTHS:0;200;0;533.3333;0;200;
SHAPE:G2001 [1];0;0
ANGLES:;;;;
LENGTHS:0;800;0;800;0;400;
SHAPE:G2010 [1];1;0
ANGLES:0;136.5;0;45.0;
LENGTHS:0;193.751691731272;0;400;0;188.561761175961;
SHAPE:G2014 [1];0;0
ANGLES:0;123.7;0;42.3;
LENGTHS:0;400;0;240.370066540928;0;274.873748797116;
SHAPE:C3013 [1];0;0
ANGLES:;;0;45.0;
LENGTHS:0;800;0;533.3333;0;377.123663773277;
SHAPE:C3116 [1];0;0
ANGLES:0;60.9;0;45.0;
LENGTHS:0;686.3753;0;266.666669490208;0;282.842653657188;
SHAPE:C3119 [1];0;0
ANGLES:0;60.9;0;45.0;
LENGTHS:0;686.3753;0;266.666669490208;0;282.842653657188;
SHAPE:R2004 [1];1;0
ANGLES:0;108.4;;;
LENGTHS:0;421.63701081486;0;800;0;533.3333;
SHAPE:G1010 [2];2;0
ANGLES:;;;;
LENGTHS:0;94.2809512986584;0;266.6667;0;400;
SHAPE:G3005 [2];1;0
ANGLES:0;135.0;0;135.0;
LENGTHS:0;188.561761175961;0;533.3333;0;188.561761175961;
SHAPE:G2002 [2];1;0
ANGLES:;;;;
LENGTHS:0;188.561761175961;0;533.3333;0;160;
SHAPE:G1004 [1];0;0
ANGLES:;;;;
LENGTHS:0;533.3333;;;0;94.765;
SHAPE:G0033 [1];2;0
ANGLES:0;122.0;;;
LENGTHS:0;628.932114337032;0;400;0;666.6667;
SHAPE:G2111 [1];0;0
ANGLES:;;;;
LENGTHS:0;400;0;133.3333;0;400;
SHAPE:G3104 [2];1;0
ANGLES:;;;;
LENGTHS:0;188.561863594037;0;466.666731707385;0;133.3333;
SHAPE:G2003 [1];1;0
ANGLES:0;144.8;0;135.0;
LENGTHS:0;191.348774646194;0;600;0;188.561761175961;
SHAPE:R2008 [1];0;0
ANGLES:;;0;45.0;
LENGTHS:0;666.6667;0;533.3333;0;377.123663773277;
SHAPE:R2010 [1];1;0
ANGLES:0;108.4;;;
LENGTHS:0;421.63701081486;0;800;0;533.3333;
SHAPE:G3108 [1];1;0
ANGLES:;;;;
LENGTHS:0;133.333327452742;0;282.8427;0;133.333327452742;
SHAPE:G3105 [1];1;0
ANGLES:0;135.0;0;116.6;
LENGTHS:0;188.561761175961;0;400;0;149.071183592873;
SHAPE:G0005 [1];1;0
ANGLES:0;52.7;0;45.0;
LENGTHS:0;164.338282048036;0;400;0;188.561761175961;
SHAPE:G3001 [1];1;0
ANGLES:;;;;
LENGTHS:0;200;0;533.3333;0;133.3333;
SHAPE:G2011 [1];0;0
ANGLES:;;;;
LENGTHS:0;465;0;133.3333;0;400;
SHAPE:G2008 [1];1;0
ANGLES:0;49.1;0;45.0;
LENGTHS:0;176.293899434382;0;400;0;188.561761175961;
SHAPE:G3004 [1];1;0
ANGLES:0;126.9;;;
LENGTHS:0;166.666640000001;0;466.6667;0;133.3333;
SHAPE:G3002 [1];1;0
ANGLES:;;0;45.0;
LENGTHS:0;133.3333;0;466.6667;0;188.561761175961;
SHAPE:G2006 [2];1;0
ANGLES:0;135.0;0;135.0;
LENGTHS:0;188.561761175961;0;600;0;188.561761175961;
SHAPE:G2005 [1];1;0
ANGLES:;;0;45.0;
LENGTHS:0;133.3333;0;466.6667;0;188.561761175961;
SHAPE:G2004 [1];1;0
ANGLES:0;138.4;;;
LENGTHS:0;212.478329448676;0;533.3333;0;135;
SHAPE:G0041 [1];1;0
ANGLES:;;0;45.0;
LENGTHS:0;133.333327452742;0;282.8427;0;266.666654905483;
SHAPE:R3003 [1];1;0
ANGLES:;;;;
LENGTHS:0;400;0;800;0;400;
SHAPE:G4115 [1];2;0
ANGLES:0;45.0;0;45.0;0;45.0;
LENGTHS:0;133.3333;0;188.561761175961;0;266.6667;0;188.561761175961;
SHAPE:G4004 [1];1;0
ANGLES:;;0;63.4;0;63.4;
LENGTHS:0;133.3333;0;333.3333;0;149.071183592873;0;133.3333;
SHAPE:G7118 [1];1;0
ANGLES:0;161.6;;;0;142.1;
LENGTHS:0;210.81848959605;0;533.3333;0;533.3333;0;217.194271220145;
SHAPE:G0006 [1];0;0
ANGLES:;;;;;;
LENGTHS:0;800;0;150;0;400;0;120;
SHAPE:G1009 [1];0;0
ANGLES:;;;;;;
LENGTHS:0;466.6667;0;266.6667;;;0;94.765;
SHAPE:G4015 [1];2;0
ANGLES:0;45.0;0;45.0;0;38.2;
LENGTHS:0;133.3333;0;188.561761175961;0;266.6667;0;188.914581621562;
SHAPE:G4046 [1];0;0
ANGLES:0;45.0;0;45.0;0;45.0;
LENGTHS:0;200;0;188.561761175961;0;200;0;188.561761175961;
SHAPE:G7111 [1];2;0
ANGLES:0;135.0;0;45.0;0;108.4;
LENGTHS:0;66.6666;0;282.842712474619;0;333.3333;0;210.81852121882;
SHAPE:G7004 [1];1;0
ANGLES:0;133.9;;;;;
LENGTHS:0;225.749379945992;0;533.3333;0;333.3333;0;133.3333;
SHAPE:G9013 [1];0;0
ANGLES:;;0;45.0;0;45.0;
LENGTHS:0;333.3333;0;333.3333;0;188.561761175961;0;200;
SHAPE:G4043 [1];1;0
ANGLES:;;0;45.0;0;45.0;
LENGTHS:0;133.3334;0;200;0;188.561761175961;0;200;
SHAPE:G7025 [1];3;0
ANGLES:0;143.3;;;0;46.6;
LENGTHS:0;132.133716035386;0;400.000032006411;0;333.333370787414;0;427.3594;
SHAPE:G7001 [1];1;0
ANGLES:;;;;;;
LENGTHS:0;333.3333;0;466.6667;0;333.3333;0;133.3333;
SHAPE:G9037 [1];1;0
ANGLES:0;26.9;0;126.3;0;26.9;
LENGTHS:0;133.333335623504;0;295.164757645709;0;295.1647;0;133.333335623504;
SHAPE:G7012 [1];2;0
ANGLES:0;116.6;0;63.4;;;
LENGTHS:0;200;0;298.142411907095;0;466.6667;0;133.3333;
SHAPE:G4015 [2];2;0
ANGLES:0;45.0;0;45.0;0;38.2;
LENGTHS:0;133.3333;0;188.561761175961;0;266.6667;0;188.914581621562;
SHAPE:G4031 [1];0;0
ANGLES:;;0;45.0;0;45.0;
LENGTHS:0;266.6666;0;66.6667;0;188.561831886652;0;133.3333;
SHAPE:G4006 [1];1;0
ANGLES:;;0;63.4;0;45.0;
LENGTHS:0;133.3333;0;333.3333;0;149.071183592873;0;210.81852121882;
SHAPE:G1012 [1];1;0
ANGLES:;;;;;;
LENGTHS:0;98.3333;0;466.6667;;;0;94.765;
SHAPE:G1011 [2];1;0
ANGLES:0;135.0;;;;;
LENGTHS:0;188.561761175961;0;466.6667;;;0;94.765;
SHAPE:G0020 [1];1;0
ANGLES:0;45.0;;;0;45.0;
LENGTHS:0;133.333327452742;0;377.1236;0;377.1236;0;125.010963480888;
SHAPE:G0004 [1];2;0
ANGLES:;;0;121.1;0;31.1;
LENGTHS:0;131.850703486671;0;399.9999951898;0;773.8544;0;137.541974982512;
SHAPE:G0019 [2];1;0
ANGLES:;;;;;;
LENGTHS:0;200.00006188979;0;565.6854;0;565.6854;0;199.999920468434;
SHAPE:G7218 [1];1;0
ANGLES:0;116.6;0;116.6;0;108.4;
LENGTHS:0;149.071183592873;0;466.6667;0;298.142411907095;0;94.2809512986584;
SHAPE:G7015 [2];2;0
ANGLES:;;;;;;
LENGTHS:0;94.2809512986584;0;400;0;533.3333;0;400;
SHAPE:G0120 [1];2;0
ANGLES:0;60.3;0;67.4;0;33.7;
LENGTHS:0;149.071244993828;0;240.370092307695;0;240.3701;0;133.333286166658;
SHAPE:A2002 [1];1;0
ANGLES:;;;;;;
LENGTHS:0;200;0;466.6667;0;133.3333;0;66.6667;
SHAPE:G9041 [1];1;0
ANGLES:0;45.0;0;108.4;0;26.6;
LENGTHS:0;333.333389342532;0;377.1236;0;149.071255170841;0;333.333247921176;
SHAPE:G7018 [2];1;0
ANGLES:;;;;0;116.6;
LENGTHS:0;94.2809512986584;0;400;0;400;0;149.071183592873;
SHAPE:G7114 [1];2;0
ANGLES:0;59.0;0;76.0;0;53.1;
LENGTHS:0;94.2808805880068;0;274.873748797116;0;400;0;333.333360000001;
SHAPE:G7028 [1];2;0
ANGLES:0;121.0;0;104.0;0;56.3;
LENGTHS:0;94.2808805880068;0;274.873748797116;0;400;0;240.370066540928;
SHAPE:G7016 [2];1;0
ANGLES:;;;;0;59.0;
LENGTHS:0;94.2809512986584;0;400;0;333.3333;0;388.730097739923;
SHAPE:G7014 [1];2;0
ANGLES:0;106.7;0;63.4;0;63.4;
LENGTHS:0;165.634836834405;0;298.142411907095;0;333.3333;0;298.142456628455;
SHAPE:G7007 [1];1;0
ANGLES:0;63.4;;;0;45.0;
LENGTHS:0;298.142411907095;0;400;0;333.3333;0;188.561831886652;
SHAPE:G7002 [1];2;0
ANGLES:;;;;0;59.0;
LENGTHS:0;133.3333;0;333.3333;0;400;0;388.730097739923;
SHAPE:G4050 [1];1;0
ANGLES:;;0;63.4;0;45.0;
LENGTHS:0;133.3333;0;266.6667;0;149.071183592873;0;210.81852121882;
SHAPE:G4048 [1];0;0
ANGLES:;;;;;;
LENGTHS:0;266.6667;0;133.3333;0;266.6666;0;133.3334;
SHAPE:G4044 [1];2;0
ANGLES:;;;;0;45.0;
LENGTHS:0;133.3333;0;133.3333;0;266.6667;0;188.561761175961;
SHAPE:G4032 [1];0;0
ANGLES:;;0;45.0;0;70.8;
LENGTHS:0;266.6667;0;133.3333;0;188.561831886652;0;97.3416697724053;
SHAPE:G4007 [2];1;0
ANGLES:0;135.0;;;;;
LENGTHS:0;94.2809512986584;0;400;0;133.3333;0;133.3333;
SHAPE:G4002 [1];1;0
ANGLES:;;;;0;45.0;
LENGTHS:0;133.3333;0;333.3333;0;133.3333;0;188.561902597317;
SHAPE:G4001 [1];2;0
ANGLES:;;;;;;
LENGTHS:0;133.3334;0;133.3333;0;333.3333;0;133.3333;
SHAPE:A2115 [1];1;0
ANGLES:0;116.6;;;;;
LENGTHS:0;149.071183592873;0;666.6667;0;133.3333;0;333.3333;
SHAPE:A2013 [1];1;0
ANGLES:;;;;;;
LENGTHS:0;116.6667;0;666.6667;0;133.3333;0;333.3333;
SHAPE:A2014 [1];2;0
ANGLES:;;;;0;63.4;
LENGTHS:0;333.3333;0;133.3333;0;666.6667;0;149.071138871513;
SHAPE:H1105 [0];0;0
ANGLES:;;;;;;;;
LENGTHS:0;405.6666;0;200;0;400;0;200;0;66.6667;
SHAPE:G5004 [1];2;0
ANGLES:0;63.4;0;63.4;0;63.4;0;63.4;
LENGTHS:0;133.3333;0;149.071183592873;0;200;0;149.071183592873;0;133.3333;
SHAPE:H1204 [1];1;0
ANGLES:;;;;;;;;
LENGTHS:0;330;0;466.6667;0;400;0;400;0;321.6667;
SHAPE:G1002 [1];2;0
ANGLES:;;;;;;;;
LENGTHS:;;;;0;533.3333;;;;;
SHAPE:H1005 [1];1;0
ANGLES:;;;;;;;;
LENGTHS:0;405;0;466.6667;0;400;0;466.6667;0;133.3333;
SHAPE:H2001 [1];2;0
ANGLES:;;0;146.3;0;123.7;;;
LENGTHS:0;85.235;0;400;0;480.740188551873;0;266.6667;0;85.235;
SHAPE:C6002 [1];1;0
ANGLES:0;76.0;0;76.0;0;63.4;0;63.4;
LENGTHS:0;200;0;274.873748797116;0;133.3333;0;149.071273035585;0;66.6666;
SHAPE:C6003 [1];1;0
ANGLES:0;76.0;0;76.0;0;63.4;0;63.4;
LENGTHS:0;200;0;274.873748797116;0;133.3333;0;149.071273035585;0;66.6666;
SHAPE:G6105 [1];2;0
ANGLES:0;116.6;0;63.4;0;116.6;0;63.4;
LENGTHS:0;133.3333;0;298.142411907095;0;466.6667;0;298.142411907095;0;133.3334;
SHAPE:G1003 [1];2;0
ANGLES:;;;;;;;;
LENGTHS:;;;;0;533.3333;;;;;
SHAPE:H1004 [1];2;0
ANGLES:;;;;;;;;
LENGTHS:0;280;0;400;0;466.6667;0;400;0;266.6667;
SHAPE:S0015 [1];0;0
ANGLES:;;;;;;
LENGTHS:0;740.47;0;740.47;0;740.47;0;740.47;
SHAPE:G0035 [1];0;0
ANGLES:;;;;;;;;
LENGTHS:0;666.6667;0;466.6667;0;533.3334;0;400;0;266.6667;
SHAPE:G0102 [1];0;0
ANGLES:;;;;0;33.4;0;33.4;
LENGTHS:0;800;0;400;0;400;0;299.505901668882;0;150;
SHAPE:G9001 [1];2;0
ANGLES:0;45.0;0;45.0;0;45.0;0;45.0;
LENGTHS:0;133.3334;0;188.561761175961;0;266.6667;0;188.561761175961;0;133.3334;
SHAPE:G5004 [2];2;0
ANGLES:0;63.4;0;63.4;0;63.4;0;63.4;
LENGTHS:0;133.3333;0;149.071183592873;0;200;0;149.071183592873;0;133.3333;
SHAPE:G6101 [1];2;0
ANGLES:;;;;;;;;
LENGTHS:0;133.3333;0;266.6667;0;400;0;266.6667;0;133.3333;
SHAPE:H1004 [2];2;0
ANGLES:;;;;;;;;
LENGTHS:0;266.6667;0;400;0;466.6667;0;400;0;265;
SHAPE:G6109 [2];2;0
ANGLES:;;;;;;;;
LENGTHS:0;94.2808171732993;0;333.333236585292;0;466.6667;0;333.333236585292;0;94.2808171732993;
SHAPE:G8007 [1];1;0
ANGLES:0;161.9;;;;;0;153.4;
LENGTHS:0;182.361036895988;0;800;0;400;0;533.3333;0;149.071183592873;
SHAPE:G5006 [3];0;0
ANGLES:0;135.0;0;45.0;0;45.0;0;135.0;
LENGTHS:0;166.6667;0;94.2809512986584;0;133.3333;0;94.2809512986584;0;66.6667;
SHAPE:G6113 [1];1;0
ANGLES:0;142.4;;;;;0;109.1;
LENGTHS:0;109.34150985687;0;400;0;400;0;400;0;81.9822427886064;
SHAPE:G9201 [1];2;0
ANGLES:0;63.4;0;26.6;0;45.0;0;45.0;
LENGTHS:0;133.3333;0;149.071183592873;0;200;0;94.2809512986584;0;133.3333;
SHAPE:G6008 [1];2;0
ANGLES:0;63.4;0;71.6;0;71.6;0;63.4;
LENGTHS:0;94.2809512986584;0;210.81852121882;0;333.3333;0;210.81852121882;0;94.2809512986584;
SHAPE:G8010 [1];2;0
ANGLES:;;;;0;68.2;0;68.2;
LENGTHS:0;133.3333;0;333.3333;0;400;0;359.010943813389;0;133.3334;
SHAPE:G6016 [1];1;0
ANGLES:0;138.4;0;68.2;0;68.2;0;138.4;
LENGTHS:0;149.071228752499;0;359.011017241379;0;266.666676217127;0;359.011;0;149.071187229759;
SHAPE:G6001 [1];2;0
ANGLES:;;;;;;;;
LENGTHS:0;126.6666;0;266.6667;0;333.3333;0;266.6667;0;66.6667;
SHAPE:G6036 [1];1;0
ANGLES:;;0;111.8;0;68.2;;;
LENGTHS:0;133.3333;0;466.6667;0;359.010943813389;0;333.3334;0;133.3333;
SHAPE:G5104 [1];2;0
ANGLES:0;63.4;0;69.4;0;49.9;0;55.9;
LENGTHS:0;133.3333;0;149.071183592873;0;191.049731745428;0;136.829162746032;0;133.3333;
SHAPE:G5007 [1];1;0
ANGLES:0;113.4;0;76.7;0;61.6;0;74.8;
LENGTHS:0;178.667925015376;0;246.5991;0;199.999971741648;0;181.964560596013;0;116.428330915332;
SHAPE:G5002 [1];3;0
ANGLES:;;;;0;71.6;0;71.6;
LENGTHS:0;133.3333;0;200;0;200;0;210.81852121882;0;133.3333;
SHAPE:G4067 [1];1;0
ANGLES:;;0;45.0;0;45.0;0;45.0;
LENGTHS:0;133.3334;0;200;0;188.561761175961;0;200;0;188.561761175961;
SHAPE:R6010 [1];2;0
ANGLES:0;123.7;;;;;0;123.7;
LENGTHS:0;240.370066540928;0;400;0;800;0;333.3333;0;240.370066540928;
SHAPE:G6202 [1];1;0
ANGLES:0;135.0;;;;;0;45.0;
LENGTHS:0;94.2809512986584;0;400;0;200;0;200;0;94.2809512986584;
SHAPE:R6001 [1];1;0
ANGLES:;;;;;;;;
LENGTHS:0;266.6667;0;800;0;800;0;600;0;133.3333;
SHAPE:S0016 [1];0;0
ANGLES:;;;;;;
LENGTHS:0;740.47;0;740.47;0;740.47;0;740.47;
SHAPE:G9214 [1];1;0
ANGLES:;;0;45.0;0;45.0;;;
LENGTHS:0;200;0;333.3333;0;94.2809512986584;0;133.3333;0;133.3334;
SHAPE:G8009 [1];2;0
ANGLES:0;63.4;;;;;0;63.4;
LENGTHS:0;74.5356141571262;0;200;0;333.3333;0;266.6667;0;149.071138871513;
SHAPE:H2005 [1];1;0
ANGLES:0;135.0;0;135.0;0;90.0;0;135.0;
LENGTHS:0;94.2809512986584;0;400;0;282.842712474619;0;282.842712474619;0;66.6667;
SHAPE:H1011 [1];1;0
ANGLES:0;108.4;0;98.1;0;63.4;;;
LENGTHS:0;266.666653160083;0;421.637;0;149.071247518125;0;333.333253204552;0;133.333326580042;
SHAPE:G0002 [1];0;0
ANGLES:;;;;;;;;
LENGTHS:0;200;0;133.3333;0;66.6667;0;94.2808098773022;0;66.6667;
SHAPE:G6121 [1];2;0
ANGLES:0;116.6;;;;;;;
LENGTHS:0;149.071183592873;0;400;0;533.3333;0;400;0;133.3333;
SHAPE:G0001 [1];4;0
ANGLES:;;;;;;;;
LENGTHS:0;400;0;200;0;400;0;400;0;800;
SHAPE:G8110 [1];2;0
ANGLES:;;;;0;68.2;0;77.4;
LENGTHS:0;133.3333;0;333.3333;0;400;0;359.010943813389;0;114.944455115417;
SHAPE:G6136 [1];1;0
ANGLES:0;95.6;0;98.4;0;76.0;;;
LENGTHS:0;133.333338373754;0;408.6291;0;302.361039914685;0;333.333270886676;0;133.333348162566;
SHAPE:G6115 [1];2;0
ANGLES:0;135.0;0;71.6;0;108.4;0;116.6;
LENGTHS:0;149.071183592873;0;421.63701081486;0;466.6667;0;421.63701081486;0;94.2809512986584;
SHAPE:G6103 [1];2;0
ANGLES:0;63.4;;;;;0;55.1;
LENGTHS:0;149.071138871513;0;266.6667;0;400;0;266.6667;0;200.448309112798;
SHAPE:G6037 [2];1;0
ANGLES:;;0;108.4;0;71.6;;;
LENGTHS:0;94.2808171732993;0;533.333236585293;0;421.63701081486;0;399.999936585292;0;94.2808171732993;
SHAPE:G6004 [1];2;0
ANGLES:0;116.6;0;63.4;;;;;
LENGTHS:0;133.3333;0;298.142411907095;0;400;0;266.6667;0;133.3333;
SHAPE:G6003 [1];2;0
ANGLES:0;63.4;;;;;0;63.4;
LENGTHS:0;149.071138871513;0;266.6667;0;400;0;266.6667;0;149.071138871513;
SHAPE:G4073 [1];2;0
ANGLES:0;45.0;0;26.6;0;26.6;0;18.4;
LENGTHS:0;200.000053115618;0;94.2808993829079;0;210.8185;0;94.2808993829079;0;149.071247518125;
SHAPE:G4041 [1];1;0
ANGLES:;;0;45.0;0;45.0;;;
LENGTHS:0;133.3334;0;200;0;188.561761175961;0;200;0;133.3333;
SHAPE:G4037 [1];1;0
ANGLES:;;;;0;45.0;0;45.0;
LENGTHS:0;133.3334;0;266.6666;0;133.3334;0;188.561831886652;0;133.3333;
SHAPE:G8005 [2];3;0
ANGLES:;;;;;;;;
LENGTHS:0;94.2809512986584;0;333.3334;0;400;0;466.6667;0;94.2809512986584;
SHAPE:G8001 [2];1;0
ANGLES:;;;;;;;;
LENGTHS:0;200;0;466.6667;0;466.6667;0;333.3333;0;133.3333;
SHAPE:G6108 [1];2;0
ANGLES:0;71.6;0;63.4;0;76.0;0;59.0;
LENGTHS:0;94.2808098773022;0;298.142411907095;0;333.3333;0;274.873748797116;0;94.2808805880068;
SHAPE:G5106 [1];3;0
ANGLES:0;142.1;0;78.7;0;68.2;0;131.6;
LENGTHS:0;149.071129097924;0;339.934569936525;0;266.666676217127;0;359.011;0;149.071187229759;
SHAPE:G9332 [1];3;0
ANGLES:;;0;45.0;0;45.0;0;45.0;
LENGTHS:0;133.3334;0;133.3333;0;94.2809512986584;0;266.6667;0;94.2808805880068;
SHAPE:G8209 [1];2;0
ANGLES:0;63.4;;;0;82.9;0;58.6;
LENGTHS:0;149.071183592873;0;333.3333;0;400;0;325.798132113875;0;123.382333710139;
SHAPE:G8109 [1];2;0
ANGLES:0;75.7;;;;;0;63.4;
LENGTHS:0;137.948950364437;0;333.3333;0;400;0;333.3333;0;149.071183592873;
SHAPE:G6125 [2];1;0
ANGLES:0;153.4;0;67.2;0;76.0;;;
LENGTHS:0;149.071183592873;0;333.3333;0;274.873690588568;0;200;0;66.666640000003;
SHAPE:G6116 [1];1;0
ANGLES:0;147.5;0;59.0;0;68.2;0;138.4;
LENGTHS:0;149.071188405574;0;388.7301;0;266.6667000588;0;359.011042447945;0;149.071288111024;
SHAPE:G6114 [1];1;0
ANGLES:0;143.1;0;63.4;;;0;135.0;
LENGTHS:0;149.071220000005;0;447.2136;0;333.333336687467;0;400.000004024962;0;94.2809051069197;
SHAPE:G6021 [2];2;0
ANGLES:;;;;;;;;
LENGTHS:0;188.561800179296;0;399.999968292644;0;466.6667;0;400;0;133.3333;
SHAPE:G6009 [2];2;0
ANGLES:;;;;;;;;
LENGTHS:0;94.2808171732993;0;333.333236585292;0;466.6667;0;333.333236585292;0;94.2808171732993;
SHAPE:G6002 [1];2;0
ANGLES:;;;;;;0;63.4;
LENGTHS:0;133.3333;0;266.6667;0;400;0;200;0;149.071183592873;
SHAPE:G5007 [2];1;0
ANGLES:0;113.4;0;76.7;0;61.6;0;74.8;
LENGTHS:0;178.667925015376;0;246.5991;0;199.999971741648;0;181.964560596013;0;116.428330915332;
SHAPE:G5001 [1];1;0
ANGLES:;;;;;;;;
LENGTHS:0;133.3333;0;200;0;200;0;200;0;133.3334;
SHAPE:G4068 [1];0;0
ANGLES:;;;;;;;;
LENGTHS:0;266.6666;0;133.3334;0;133.3334;0;133.3333;0;133.3333;
SHAPE:G4066 [1];1;0
ANGLES:;;;;;;0;45.0;
LENGTHS:0;133.3334;0;266.6667;0;133.3333;0;200;0;188.561761175961;
SHAPE:R6110 [1];2;0
ANGLES:0;123.7;;;;;0;123.7;
LENGTHS:0;240.370066540928;0;400;0;800;0;333.3333;0;240.370066540928;
SHAPE:H1016 [1];1;0
ANGLES:0;116.6;0;63.4;0;116.6;0;63.4;0;116.6;
LENGTHS:0;129.999983419576;0;466.6667;0;298.142411907095;0;466.6667;0;298.142411907095;0;130;
SHAPE:G5057 [1];4;0
ANGLES:;;;;;;;;;;
LENGTHS:0;133.3333;0;66.6667;0;188.561761175961;0;133.333301046727;0;188.561833980106;0;133.333301046727;
SHAPE:H1001 [1];1;0
ANGLES:;;;;;;;;;;
LENGTHS:0;85.235;0;333.3333;0;200;0;333.3333;0;200;0;85.235;
SHAPE:G5058 [1];3;0
ANGLES:;;0;63.4;0;63.4;0;63.4;0;63.4;
LENGTHS:0;133.3333;0;133.3333;0;149.071183592873;0;200;0;149.071183592873;0;200;
SHAPE:H1007 [1];2;0
ANGLES:;;;;0;111.8;0;68.2;;;
LENGTHS:0;85.235;0;333.3333;0;400;0;359.010943813389;0;266.6667;0;85.235;
SHAPE:H1101 [1];2;0
ANGLES:;;;;;;;;;;
LENGTHS:0;174.765;0;200;0;333.3333;0;200;0;333.3333;0;85.235;
SHAPE:H1207 [1];2;0
ANGLES:;;0;80.5;0;110.8;0;78.7;;;
LENGTHS:0;85.235;0;266.6667;0;405.517491059954;0;339.934608090703;0;333.3333;0;85.235;
SHAPE:H1107 [1];2;0
ANGLES:;;;;0;111.8;0;68.2;;;
LENGTHS:0;85.235;0;333.3333;0;400;0;359.010943813389;0;266.6667;0;174.765;
SHAPE:H4009 [1];1;0
ANGLES:0;108.4;0;116.6;0;63.4;0;71.6;0;108.4;
LENGTHS:0;174.280932677703;0;447.2136;0;400.000004024962;0;149.0712;0;377.123652050372;0;149.0712;
SHAPE:G5146 [1];2;0
ANGLES:;;0;56.3;0;56.3;0;71.6;0;71.6;
LENGTHS:0;66.6667;0;133.3333;0;240.370122010952;0;133.3333;0;210.81852121882;0;133.3333;
SHAPE:H1307 [1];1;0
ANGLES:;;0;111.8;0;68.2;;;;;
LENGTHS:0;85.235;0;400;0;359.010943813389;0;266.6667;0;333.3333;0;85.235;
SHAPE:G6044 [1];2;0
ANGLES:;;;;;;;;;;
LENGTHS:0;66.6667;0;266.6667;0;400;0;266.6667;0;66.6667;0;66.6667;
SHAPE:G5047 [1];0;0
ANGLES:;;;;;;;;;;
LENGTHS:0;266.6667;0;133.3333;0;133.3333;0;133.3333;0;200;0;133.3333;
SHAPE:H1012 [1];2;0
ANGLES:;;0;116.6;0;116.6;0;63.4;;;
LENGTHS:0;85.2350205440228;0;298.142411907095;0;533.3333;0;298.142411907095;0;266.6667;0;85.235;
SHAPE:G5046 [1];4;0
ANGLES:;;0;56.3;0;56.3;0;56.3;0;56.3;
LENGTHS:0;66.6667;0;133.3333;0;240.370122010952;0;133.3333;0;290.370048853424;0;133.3334;
SHAPE:G0026 [1];2;0
ANGLES:;;;;;;;;;;
LENGTHS:0;466.6667;0;133.3333;0;533.3334;0;533.3333;0;133.3334;0;450;
SHAPE:H1006 [1];1;0
ANGLES:;;;;;;;;;;
LENGTHS:0;85.235;0;466.6667;0;333.3333;0;466.6667;0;333.3333;0;85.235;
SHAPE:G6052 [1];2;0
ANGLES:;;;;;;0;45.0;0;45.0;
LENGTHS:0;66.6667;0;266.6667;0;400;0;200;0;94.2809512986584;0;66.6666;
SHAPE:G5158 [1];5;0
ANGLES:;;0;63.4;0;69.4;0;49.9;0;55.9;
LENGTHS:0;133.3333;0;133.3333;0;149.071183592873;0;191.049731745428;0;136.829162746032;0;200;
SHAPE:H1201 [1];4;0
ANGLES:;;;;;;;;;;
LENGTHS:0;174.765;0;264.235;0;333.3333;0;200;0;373.5683;0;85.235;
SHAPE:G9016 [1];1;0
ANGLES:;;;;0;45.0;0;45.0;;;
LENGTHS:0;133.3333;0;400;0;333.3333;0;188.561831886652;0;266.6667;0;133.3334;
SHAPE:G6125 [3];3;0
ANGLES:;;0;76.0;0;77.5;;;;;
LENGTHS:0;85.2349758226633;0;200.000046733845;0;274.873754526492;0;298.1424;;;0;70.7279994442399;
SHAPE:G5043 [1];0;0
ANGLES:;;;;;;;;;;
LENGTHS:0;200;0;200;0;133.3334;0;133.3333;0;133.3333;0;133.3333;
SHAPE:H1006 [2];1;0
ANGLES:;;;;;;;;;;
LENGTHS:0;133.3333;0;533.3333;0;466.6666;0;466.6666;0;333.3333;0;133.3333;
SHAPE:G4074 [1];1;0
ANGLES:;;;;;;;;;;
LENGTHS:0;133.3333;0;200;0;133.3334;0;133.3334;0;133.3333;0;133.3333;
SHAPE:G4069 [1];0;0
ANGLES:;;;;;;;;;;
LENGTHS:0;213.3333;0;133.3334;0;133.3334;0;133.3333;0;133.3333;0;133.3333;
SHAPE:G5061 [1];1;0
ANGLES:0;65.6;0;65.6;0;65.6;0;65.6;0;65.6;0;65.6;
LENGTHS:0;133.3333;0;161.107323786909;0;146.6667;0;161.107282406631;0;146.6667;0;161.107323786909;0;116.6666;
SHAPE:G5053 [1];0;0
ANGLES:;;0;63.4;0;63.4;0;63.4;0;63.4;;;
LENGTHS:0;200;0;133.3333;0;149.071183592873;0;133.3333;0;149.071183592873;0;133.3333;0;133.3333;
SHAPE:G9004 [1];1;0
ANGLES:;;0;45.0;0;45.0;0;45.0;0;45.0;;;
LENGTHS:0;133.3333;0;200;0;188.561761175961;0;200;0;188.561761175961;0;200;0;133.3333;
SHAPE:G5067 [1];2;0
ANGLES:;;0;45.0;0;45.0;0;45.0;0;45.0;;;
LENGTHS:0;133.3333;0;133.3333;0;188.561831886652;0;133.3333;0;188.561761175961;0;133.3334;0;133.3333;
SHAPE:H1102 [1];2;0
ANGLES:;;;;;;;;;;;;
LENGTHS:0;134.765;0;200;0;400;0;200;0;400;;;0;114.400119122403;
SHAPE:R4016 [1];0;0
ANGLES:;;0;63.4;0;63.4;0;63.4;0;63.4;;;
LENGTHS:0;400;0;266.6667;0;149.071138871513;0;133.3334;0;149.071138871513;0;266.6667;0;400;
SHAPE:H1102 [2];2;0
ANGLES:;;;;;;;;;;0;45.0;
LENGTHS:0;174.765;0;200;0;400;0;200;0;400;;;0;70.7279315241157;
SHAPE:H3001 [1];1;0
ANGLES:;;;;;;;;;;;;
LENGTHS:0;85.235;0;333.3333;0;200.000002093455;0;94.2808805880061;0;266.666697906545;0;266.6667;0;85.235;
SHAPE:H1108 [2];3;0
ANGLES:;;0;68.2;0;111.8;;;;;0;45.0;
LENGTHS:0;174.765;0;266.6667;0;359.010943813389;0;400;0;333.3333;;;0;70.7279315241157;
SHAPE:G9405 [1];3;0
ANGLES:;;0;45.0;0;45.0;0;45.0;0;45.0;;;
LENGTHS:0;73.3334;0;133.3333;0;94.2808805880068;0;133.3334;0;94.2808805880068;0;133.3333;0;66.6667;
SHAPE:H1113 [1];3;0
ANGLES:;;0;63.4;0;116.6;0;116.6;;;;;
LENGTHS:0;134.765;0;266.6667;0;298.142411907095;0;533.3333;0;298.142411907095;;;0;114.400135234099;
SHAPE:G5048 [1];2;0
ANGLES:;;;;;;;;;;;;
LENGTHS:0;133.3333;0;133.3333;0;200;0;133.3333;0;133.3334;0;133.3333;0;133.3333;
SHAPE:H1020 [1];2;0
ANGLES:;;;;;;;;;;;;
LENGTHS:0;66.6667;0;200;0;266.6667;0;200;0;266.6667;0;200;0;66.6667;
SHAPE:G6013 [1];2;0
ANGLES:0;45.0;;;;;;;;;0;45.0;
LENGTHS:0;70.7279315241157;;;0;333.3333;0;266.6667;0;333.3333;;;0;70.7280022348292;
SHAPE:G5041 [2];2;0
ANGLES:;;0;76.0;0;76.0;0;76.0;0;76.0;;;
LENGTHS:0;133.3333;0;133.3333;0;314.873742727732;0;200;0;274.873748797116;0;133.3333;0;133.3333;
SHAPE:G5141 [1];4;0
ANGLES:;;0;76.0;0;76.0;0;63.4;0;63.4;;;
LENGTHS:0;133.3333;0;133.3333;0;274.873748797116;0;200;0;298.142411907095;0;133.3334;0;133.3333;
SHAPE:H3201 [1];1;0
ANGLES:;;0;94.4;0;20.0;0;69.7;0;85.9;;;
LENGTHS:0;174.765;0;333.3333;0;195.576072156079;0;100.692052538669;0;277.388649531465;0;266.6667;0;85.235;
SHAPE:H3101 [1];1;0
ANGLES:;;;;;;;;;;;;
LENGTHS:0;174.765;0;333.3333;0;200.000002093455;0;94.2808805880062;0;266.666697906545;0;266.6667;0;85.235;
SHAPE:H3017 [1];1;0
ANGLES:;;;;0;56.3;0;67.4;0;56.3;;;
LENGTHS:0;85.235;0;400;0;133.3333;0;240.370122010952;0;240.370122010952;0;133.3333;0;85.235;
SHAPE:G6111 [2];3;0
ANGLES:0;45.0;;;0;116.6;0;63.4;;;0;45.0;
LENGTHS:0;70.7280081117799;;;0;298.142411907095;0;333.3333;0;295.667442426876;;;0;70.7280081117799;
SHAPE:H4005 [1];2;0
ANGLES:0;63.4;0;84.4;0;77.1;0;71.6;0;63.4;0;63.4;
LENGTHS:0;120;0;120.00001909604;0;299.55634915074;0;188.561831886652;0;149.071138871513;0;266.6667;0;120.00001909604;
SHAPE:H1208 [1];3;0
ANGLES:;;0;78.7;0;110.8;0;80.5;;;0;45.0;
LENGTHS:0;85.2350058739952;0;333.333249473511;0;339.934609977404;0;405.5175;0;266.666681778302;;;0;70.7280393513068;
SHAPE:G5039 [1];2;0
ANGLES:;;;;;;0;90.0;0;90.0;0;90.0;
LENGTHS:0;133.3333;0;133.3333;0;266.6667;0;266.6667;0;266.6667;0;133.3333;0;133.3333;
SHAPE:H3111 [1];2;0
ANGLES:;;;;0;45.0;0;71.6;0;63.4;;;
LENGTHS:0;174.765;0;200;0;333.3333;0;94.2809512986584;0;149.071183592873;0;333.3333;0;85.235;
SHAPE:G9408 [2];1;0
ANGLES:0;135.0;0;45.0;0;45.0;0;45.0;0;45.0;0;135.0;
LENGTHS:0;94.2809512986584;0;200;0;94.2809512986584;0;200;0;94.2808805880068;0;200;0;94.2808805880068;
SHAPE:G6012 [2];4;0
ANGLES:0;45.0;;;0;68.2;0;68.2;;;0;45.0;
LENGTHS:0;70.7279315241157;;;0;359.011;0;199.999951454244;0;359.011017241379;;;0;70.7279266475414;
SHAPE:G6010 [2];2;0
ANGLES:0;45.0;;;;;0;69.4;;;0;45.0;
LENGTHS:0;70.7279315241157;;;0;800;0;600;0;569.600218476863;;;0;70.7279771895111;
SHAPE:H3011 [1];2;0
ANGLES:;;;;0;45.0;0;71.6;0;63.4;;;
LENGTHS:0;134.765;0;200;0;333.3333;0;94.2809512986584;0;149.071183592873;0;333.3333;0;134.765;
SHAPE:H1202 [1];4;0
ANGLES:;;;;;;;;;;;;
LENGTHS:0;174.765;0;325.235;0;400;0;200;0;450.235;;;0;70.7279315241157;
SHAPE:G6040 [1];3;0
ANGLES:;;;;;;;;;;;;
LENGTHS:0;66.6666;0;66.6667;0;333.3333;0;533.3333;0;333.3333;0;66.6666;0;66.6666;
SHAPE:H1309 [1];2;0
ANGLES:0;45.0;;;0;111.8;0;68.2;;;;;0;45.0;
LENGTHS:0;70.7279315241157;;;0;400;0;359.010943813389;0;266.6667;0;333.3333;;;0;70.7279315241157;
SHAPE:H1103 [1];3;0
ANGLES:;;;;;;;;;;;;;;
LENGTHS:0;160.257973781338;;;0;200;0;333.3333;0;200;0;333.3333;;;0;70.7279315241157;
SHAPE:H1003 [1];2;0
ANGLES:;;;;;;;;;;;;;;
LENGTHS:0;70.7279315241157;;;0;333.3333;0;200;0;333.3333;0;200;;;0;70.7279315241157;
SHAPE:H1017 [1];2;0
ANGLES:0;45.0;;;0;56.3;0;123.7;0;56.3;;;0;35.0;
LENGTHS:0;70.7280022348292;;;0;333.3334;0;240.370066540928;0;333.3333;0;240.370122010952;;;0;68.2783440708692;
SHAPE:H1009 [1];3;0
ANGLES:0;45.0;;;;;0;111.8;0;68.2;;;0;45.0;
LENGTHS:0;70.7279315241157;;;0;333.3333;0;400;0;359.010943813389;0;266.6667;;;0;70.7279315241157;
SHAPE:H1203 [1];5;0
ANGLES:;;;;;;;;;;;;;;
LENGTHS:0;160.257973781338;;;0;325.235;0;400;0;200;0;450.235;;;0;70.7279315241157;
SHAPE:H3112 [1];1;0
ANGLES:;;0;63.4;0;71.6;0;45.0;;;;;0;45.0;
LENGTHS:0;134.765;0;333.3333;0;149.071183592873;0;94.2809512986584;0;333.3333;0;200;;;0;114.400119122403;
SHAPE:G5060 [1];0;0
ANGLES:0;45.0;0;45.0;0;45.0;0;45.0;0;45.0;0;45.0;0;45.0;0;45.0;
LENGTHS:0;133.3333;0;94.2809512986584;0;66.6667;0;94.2808805880068;0;66.6667;0;94.2809512986584;0;66.6666;0;94.2809512986584;0;66.6667;
SHAPE:S0013 [1];0;0
ANGLES:0;45.0;0;45.0;0;45.0;0;45.0;0;45.0;0;45.0;0;45.0;
LENGTHS:0;400;0;282.842712474619;0;400;0;282.842712474619;0;400;0;282.842712474619;0;400;0;282.842712474619;
SHAPE:G5060 [2];3;0
ANGLES:0;45.0;0;45.0;0;45.0;0;45.0;0;45.0;0;45.0;0;45.0;0;45.0;
LENGTHS:0;66.6667;0;94.2808805880068;0;66.6667;0;94.2809512986584;0;66.6666;0;94.2809512986584;0;66.6667;0;94.2808805880068;0;66.6667;
SHAPE:H3203 [1];2;0
ANGLES:0;45.0;;;;;0;45.0;0;45.0;;;;;0;45.0;
LENGTHS:0;70.7279315241157;;;0;466.6667;0;66.6667;0;94.2808805880068;0;400;0;133.3333;;;0;70.7279315241157;
SHAPE:H3013 [1];3;0
ANGLES:0;45.0;;;;;0;45.0;0;71.6;0;63.4;;;0;45.0;
LENGTHS:0;70.7279315241157;;;0;200;0;333.3333;0;94.2809512986584;0;149.071183592873;0;333.3333;;;0;70.7279315241157;
SHAPE:G5049 [1];0;0
ANGLES:;;;;;;;;;;;;;;;;
LENGTHS:0;200;0;133.3333;0;133.3333;0;133.3333;0;133.3334;0;133.3333;0;133.3333;0;133.3333;0;133.3333;
SHAPE:G6049 [1];4;0
ANGLES:;;;;;;;;;;;;;;;;
LENGTHS:0;56.6667;0;66.6667;0;66.6667;0;333.3334;0;400;0;333.3334;0;66.6667;0;66.6667;0;56.6667;
SHAPE:H7008 [1];0;0
ANGLES:
LENGTHS:0;200;
SHAPE:H7006 [1];0;0
ANGLES:
LENGTHS:0;200;
